9 0.50127359214362432 0.91797197789081297 0.00951357986803744 0.00569256477587822
9 0.50099739143777811 0.91169179352516660 0.00951357986803744 0.00569256477587822
9 0.50136565904557306 0.90530143048643885 0.00951357986803744 0.00569256477587822
9 0.50096670247046182 0.89865398387718753 0.00951357986803744 0.00569256477587822
9 0.50007672241829060 0.89213507905319789 0.00951357986803744 0.00569256477587822
9 0.50032223415682064 0.88600179958499370 0.00951357986803744 0.00569256477587822
9 0.50038361209145310 0.87303744238573555 0.00951357986803744 0.00569256477587822
9 0.49949363203928188 0.86624309087904217 0.00951357986803744 0.00569256477587822
9 0.50035292312413693 0.86003635896211694 0.00951357986803744 0.00569256477587822
9 0.50026085622218808 0.85375617459647057 0.00951357986803744 0.00569256477587822
9 0.49980052171244438 0.84747599023082432 0.00951357986803744 0.00569256477587822
9 0.50096670247046182 0.84148961566006208 0.00951357986803744 0.00569256477587822
9 0.50081325763388063 0.83519106818223554 0.00951357986803744 0.00569256477587822
9 0.50118152524167559 0.82909451493839181 0.00951357986803744 0.00569256477587822
9 0.50084394660119691 0.82286941990928619 0.00951357986803744 0.00569256477587822
9 0.50145772594752192 0.81695649778724500 0.00951357986803744 0.00569256477587822
9 0.50099739143777811 0.81181482637677438 0.00951357986803744 0.00569256477587822
9 0.50081325763388063 0.80551627889894784 0.00951357986803744 0.00569256477587822
9 0.50164185975141939 0.79943808876728428 0.00951357986803744 0.00569256477587822
9 0.50133497007825689 0.79354352975742326 0.00951357986803744 0.00569256477587822
9 0.50118152524167559 0.78709807738215476 0.00951357986803744 0.00569256477587822
9 0.50059843486266686 0.78179113796206179 0.00951357986803744 0.00569256477587822
9 0.50142703698020563 0.77598839451310209 0.00951357986803744 0.00569256477587822
9 0.50136565904557306 0.77016728795196210 0.00951357986803744 0.00569256477587822
9 0.50099739143777811 0.76394219292285659 0.00951357986803744 0.00569256477587822
9 0.50112014730704313 0.75777218723029183 0.00951357986803744 0.00569256477587822
9 0.50069050176461560 0.75185926510825052 0.00951357986803744 0.00569256477587822
9 0.50139634801288935 0.74612997410801185 0.00951357986803744 0.00569256477587822
9 0.50170323768605185 0.74063940356611635 0.00951357986803744 0.00569256477587822
9 0.50176461562068442 0.73496520190241843 0.00951357986803744 0.00569256477587822
9 0.50158048181678683 0.72894210110729563 0.00951357986803744 0.00569256477587822
9 0.50151910388215437 0.72308426832179518 0.00951357986803744 0.00569256477587822
9 0.50099739143777811 0.71695098885359088 0.00951357986803744 0.00569256477587822
9 0.50093601350314565 0.71111151918027071 0.00951357986803744 0.00569256477587822
9 0.50136565904557306 0.69915713315092642 0.00951357986803744 0.00569256477587822
9 0.50161117078410311 0.69331766347760615 0.00951357986803744 0.00569256477587822
9 0.50167254871873557 0.68769855115044898 0.00951357986803744 0.00569256477587822
9 0.50219426116311183 0.68171217657968675 0.00951357986803744 0.00569256477587822
9 0.50145772594752192 0.67548708155058124 0.00951357986803744 0.00569256477587822
9 0.50228632806506057 0.66929871274583619 0.00951357986803744 0.00569256477587822
9 0.50231701703237686 0.66347760618469620 0.00951357986803744 0.00569256477587822
9 0.50201012735921435 0.65761977339919575 0.00951357986803744 0.00569256477587822
9 0.50204081632653064 0.65172521438933473 0.00951357986803744 0.00569256477587822
9 0.50250115083627434 0.64594083405255520 0.00951357986803744 0.00569256477587822
9 0.50228632806506057 0.64037681106193878 0.00951357986803744 0.00569256477587822
9 0.50176461562068442 0.62996492645573576 0.00951357986803744 0.00569256477587822
9 0.50191806045726561 0.62473143948436383 0.00951357986803744 0.00569256477587822
9 0.50207150529384681 0.62072828102906885 0.00951357986803744 0.00569256477587822
9 0.50173392665336813 0.61529279982371410 0.00951357986803744 0.00569256477587822
9 0.50179530458800059 0.60954514571129514 0.00951357986803744 0.00569256477587822
9 0.50201012735921435 0.60462383164698752 0.00951357986803744 0.00569256477587822
9 0.50222495013042812 0.59905980865637110 0.00951357986803744 0.00569256477587822
9 0.50237839496700931 0.59378959546063870 0.00951357986803744 0.00569256477587822
9 0.50253183980359062 0.58795012578731842 0.00951357986803744 0.00569256477587822
9 0.50234770599969314 0.53702921571147877 0.00951357986803744 0.00569256477587822
9 0.50256252877090690 0.53155700828176355 0.00951357986803744 0.00569256477587822
9 0.50262390670553936 0.52573590172062357 0.00951357986803744 0.00569256477587822
9 0.50207150529384681 0.52011678939346639 0.00951357986803744 0.00569256477587822
9 0.50317630811723191 0.51394678370090163 0.00951357986803744 0.00569256477587822
9 0.50314561914991562 0.50821749270066285 0.00951357986803744 0.00569256477587822
9 0.50253183980359062 0.50245147547606372 0.00951357986803744 0.00569256477587822
9 0.50219426116311183 0.49661200580274345 0.00951357986803744 0.00569256477587822
9 0.50201012735921435 0.49119488770956904 0.00951357986803744 0.00569256477587822
9 0.50188737148994933 0.48553904915805129 0.00951357986803744 0.00569256477587822
9 0.50170323768605185 0.48019538351359786 0.00951357986803744 0.00569256477587822
9 0.50194874942458190 0.47439264006463816 0.00951357986803744 0.00569256477587822
9 0.50265459567285564 0.46853480727913766 0.00951357986803744 0.00569256477587822
9 0.50314561914991562 0.46258515893273594 0.00951357986803744 0.00569256477587822
9 0.50323768605186436 0.45683750482031693 0.00951357986803744 0.00569256477587822
9 0.50348319779039430 0.44525038103457776 0.00951357986803744 0.00569256477587822
9 0.50293079637870186 0.43941091136125748 0.00951357986803744 0.00569256477587822
9 0.50336044192112939 0.43358980480011755 0.00951357986803744 0.00569256477587822
9 0.50283872947675312 0.42749325155627377 0.00951357986803744 0.00569256477587822
9 0.50256252877090690 0.42134160897588924 0.00951357986803744 0.00569256477587822
9 0.50286941844406940 0.41487779348844039 0.00951357986803744 0.00569256477587822
9 0.50293079637870186 0.40905668692730046 0.00951357986803744 0.00569256477587822
9 0.50311493018259934 0.40340084837578272 0.00951357986803744 0.00569256477587822
9 0.50311493018259934 0.39726756890757847 0.00951357986803744 0.00569256477587822
9 0.50385146539818937 0.39135464678553722 0.00951357986803744 0.00569256477587822
9 0.50363664262697561 0.37319352883926765 0.00951357986803744 0.00569256477587822
9 0.50342181985576184 0.36746423783902898 0.00951357986803744 0.00569256477587822
9 0.50360595365965932 0.36147786326826670 0.00951357986803744 0.00569256477587822
9 0.50290010741138558 0.35549148869750447 0.00951357986803744 0.00569256477587822
9 0.50406628816940313 0.34963365591200396 0.00951357986803744 0.00569256477587822
9 0.50351388675771058 0.34357382889252069 0.00951357986803744 0.00569256477587822
9 0.50394353230013811 0.33753236498521771 0.00951357986803744 0.00569256477587822
9 0.50461868958109557 0.33169289531189744 0.00951357986803744 0.00569256477587822
9 0.50418904403866804 0.32561470518023394 0.00951357986803744 0.00569256477587822
9 0.50418904403866804 0.30613144315698626 0.00951357986803744 0.00569256477587822
9 0.02295534755255486 0.91090217970141585 0.00951357986803744 0.00569256477587822
9 0.02384532760472610 0.90500762069155483 0.00951357986803744 0.00569256477587822
9 0.02406015037593985 0.89898451989643202 0.00951357986803744 0.00569256477587822
9 0.02387601657204235 0.89264924619424502 0.00951357986803744 0.00569256477587822
9 0.02565597667638484 0.88651596672604072 0.00951357986803744 0.00569256477587822
9 0.02574804357833359 0.88051122904309820 0.00951357986803744 0.00569256477587822
9 0.02541046493785484 0.87478193804285953 0.00951357986803744 0.00569256477587822
9 0.02448979591836735 0.86302954624749806 0.00951357986803744 0.00569256477587822
9 0.02584011048028234 0.85755733881778284 0.00951357986803744 0.00569256477587822
9 0.02568666564370109 0.85203004205152688 0.00951357986803744 0.00569256477587822
9 0.02553322080711984 0.84615384615384615 0.00951357986803744 0.00569256477587822
9 0.02559459874175234 0.84036946581706673 0.00951357986803744 0.00569256477587822
9 0.02587079944759859 0.83449326991938588 0.00951357986803744 0.00569256477587822
9 0.02547184287248734 0.82894761004094974 0.00951357986803744 0.00569256477587822
9 0.02599355531686359 0.82336522393815303 0.00951357986803744 0.00569256477587822
9 0.02654595672855608 0.81734212314303023 0.00951357986803744 0.00569256477587822
9 0.02623906705539359 0.81210863617165840 0.00951357986803744 0.00569256477587822
9 0.02590148841491484 0.80621407716179738 0.00951357986803744 0.00569256477587822
9 0.02522633113395734 0.80046642304937843 0.00951357986803744 0.00569256477587822
9 0.02602424428417984 0.79466367960041873 0.00951357986803744 0.00569256477587822
9 0.02580942151296609 0.78884257303927874 0.00951357986803744 0.00569256477587822
9 0.02562528770906859 0.78278274601979547 0.00951357986803744 0.00569256477587822
9 0.02590148841491484 0.77690655012211474 0.00951357986803744 0.00569256477587822
9 0.02553322080711984 0.77090181243917222 0.00951357986803744 0.00569256477587822
9 0.02562528770906859 0.76486034853186913 0.00951357986803744 0.00569256477587822
9 0.02565597667638484 0.74232880988669958 0.00951357986803744 0.00569256477587822
9 0.02602424428417984 0.73641588776465838 0.00951357986803744 0.00569256477587822
9 0.02556390977443609 0.73064987054005914 0.00951357986803744 0.00569256477587822
9 0.02633113395734234 0.72482876397891915 0.00951357986803744 0.00569256477587822
9 0.02571735461101734 0.71919128853958170 0.00951357986803744 0.00569256477587822
9 0.02519564216664109 0.71344363442716274 0.00951357986803744 0.00569256477587822
9 0.02559459874175234 0.70789797454872649 0.00951357986803744 0.00569256477587822
9 0.02648457879392358 0.70220540977284829 0.00951357986803744 0.00569256477587822
9 0.02577873254564984 0.69649448188478980 0.00951357986803744 0.00569256477587822
9 0.02550253183980359 0.67811300659235729 0.00951357986803744 0.00569256477587822
9 0.02562528770906859 0.67183282222671104 0.00951357986803744 0.00569256477587822
9 0.02504219733005984 0.66553427474888449 0.00951357986803744 0.00569256477587822
9 0.02534908700322234 0.65974989441210496 0.00951357986803744 0.00569256477587822
9 0.02510357526469234 0.63519841342710759 0.00951357986803744 0.00569256477587822
9 0.02488875249347859 0.59889454064674885 0.00951357986803744 0.00569256477587822
9 0.02482737455884609 0.61075711111519182 0.00951357986803744 0.00569256477587822
9 0.02436704004910235 0.60433002185210349 0.00951357986803744 0.00569256477587822
9 0.02458186282031610 0.59296325541252737 0.00951357986803744 0.00569256477587822
9 0.02510357526469234 0.58738086930973066 0.00951357986803744 0.00569256477587822
9 0.02541046493785484 0.58163321519731159 0.00951357986803744 0.00569256477587822
9 0.02571735461101734 0.57572029307527040 0.00951357986803744 0.00569256477587822
9 0.02531839803590609 0.56999100207503173 0.00951357986803744 0.00569256477587822
9 0.02550253183980359 0.56369245459720518 0.00951357986803744 0.00569256477587822
9 0.02525702010127359 0.55799988982132687 0.00951357986803744 0.00569256477587822
9 0.02550253183980359 0.55227059882108820 0.00951357986803744 0.00569256477587822
9 0.02611631118612859 0.54663312338175074 0.00951357986803744 0.00569256477587822
9 0.02676077949976983 0.54066511192316868 0.00951357986803744 0.00569256477587822
9 0.02688353536903483 0.53477055291330777 0.00951357986803744 0.00569256477587822
9 0.02811109406168482 0.51708687588372482 0.00951357986803744 0.00569256477587822
9 0.02854073960411232 0.49925629395669979 0.00951357986803744 0.00569256477587822
9 0.02890900721190732 0.49363718162954257 0.00951357986803744 0.00569256477587822
9 0.02973760932944607 0.48170115871237856 0.00951357986803744 0.00569256477587822
9 0.02973760932944607 0.47556787924417432 0.00951357986803744 0.00569256477587822
9 0.02986036519871106 0.46972840957085404 0.00951357986803744 0.00569256477587822
9 0.02998312106797606 0.46352167765392877 0.00951357986803744 0.00569256477587822
9 0.03038207764308731 0.45782911287805056 0.00951357986803744 0.00569256477587822
9 0.02940003068896732 0.45197128009255011 0.00951357986803744 0.00569256477587822
9 0.02992174313334356 0.44589308996088656 0.00951357986803744 0.00569256477587822
9 0.02992174313334356 0.43963126870742053 0.00951357986803744 0.00569256477587822
9 0.03044345557771981 0.43366325724883853 0.00951357986803744 0.00569256477587822
9 0.03081172318551481 0.42771360890243676 0.00951357986803744 0.00569256477587822
9 0.03093447905477981 0.42128651963934849 0.00951357986803744 0.00569256477587822
9 0.03121067976062605 0.41533687129294672 0.00951357986803744 0.00569256477587822
9 0.03259168328985729 0.40371302128284703 0.00951357986803744 0.00569256477587822
9 0.03286788399570355 0.38103457774023541 0.00951357986803744 0.00569256477587822
9 0.03302132883228479 0.37512165561819416 0.00951357986803744 0.00569256477587822
9 0.03317477366886604 0.36878638191600710 0.00951357986803744 0.00569256477587822
9 0.03323615160349854 0.36305709091576838 0.00951357986803744 0.00569256477587822
9 0.03314408470154979 0.35767669904695448 0.00951357986803744 0.00569256477587822
9 0.03378855301519104 0.35161687202747122 0.00951357986803744 0.00569256477587822
9 0.03289857296301980 0.33411682611969079 0.00951357986803744 0.00569256477587822
9 0.03329752953813104 0.32829571955855080 0.00951357986803744 0.00569256477587822
9 0.03345097437471229 0.32243788677305030 0.00951357986803744 0.00569256477587822
9 0.03397268681908854 0.31694731623115485 0.00951357986803744 0.00569256477587822
9 0.03421819855761853 0.31086912609949136 0.00951357986803744 0.00569256477587822
9 0.03354304127666104 0.29335071707953064 0.00951357986803744 0.00569256477587822
12 0.30722725180297683 0.78643700534366567 0.00368267607794998 0.00220357346163028
12 0.30633727175080561 0.78417834254549457 0.00368267607794998 0.00220357346163028
12 0.30701242903176307 0.78204822153258535 0.00368267607794998 0.00220357346163028
12 0.30848549946294307 0.77978955873441436 0.00368267607794998 0.00220357346163028
12 0.30946754641706309 0.77806342618947055 0.00368267607794998 0.00220357346163028
12 0.31118612858677308 0.77611693629836387 0.00368267607794998 0.00220357346163028
12 0.31413226944913303 0.77484988155792645 0.00368267607794998 0.00220357346163028
12 0.31720116618075800 0.77361955304184948 0.00368267607794998 0.00220357346163028
12 0.32057695258554547 0.77271976054501712 0.00368267607794998 0.00220357346163028
12 0.32419825072886299 0.77237086141359235 0.00368267607794998 0.00220357346163028
12 0.62363050483351234 0.76434618139082211 0.00368267607794998 0.00220357346163028
12 0.62264845787939238 0.76236296527535485 0.00368267607794998 0.00220357346163028
12 0.62252570201012736 0.76028793359898639 0.00368267607794998 0.00220357346163028
12 0.62347705999693115 0.75837816993224016 0.00368267607794998 0.00220357346163028
12 0.62461255178763231 0.75608278090970860 0.00368267607794998 0.00220357346163028
12 0.62645388982660732 0.75413629101860180 0.00368267607794998 0.00220357346163028
12 0.62924658585238602 0.75266724204418167 0.00368267607794998 0.00220357346163028
12 0.63164032530305358 0.75119819306976143 0.00368267607794998 0.00220357346163028
12 0.63492404480589226 0.75059221036781310 0.00368267607794998 0.00220357346163028
12 0.63817707534141477 0.74991277521714383 0.00368267607794998 0.00220357346163028
12 0.64170630658278349 0.74982095965624251 0.00368267607794998 0.00220357346163028
12 0.64505140402025474 0.74998622766586476 0.00368267607794998 0.00220357346163028
12 0.64827374558846096 0.75095947261141816 0.00368267607794998 0.00220357346163028
12 0.65152677612398346 0.75202453311787276 0.00368267607794998 0.00220357346163028
12 0.65438085008439462 0.75378739188717703 0.00368267607794998 0.00220357346163028
12 0.65588460948289085 0.75556861376866147 0.00368267607794998 0.00220357346163028
12 0.65717354611017342 0.75760691922066947 0.00368267607794998 0.00220357346163028
12 0.65815559306429339 0.75946159355087495 0.00368267607794998 0.00220357346163028
12 0.65843179377013961 0.76168353012468548 0.00368267607794998 0.00220357346163028
12 0.65726561301212216 0.76366674624015274 0.00368267607794998 0.00220357346163028
12 0.75801749271137031 0.47617386194612266 0.00368267607794998 0.00220357346163028
12 0.75774129200552398 0.47439264006463816 0.00368267607794998 0.00220357346163028
12 0.75697406782261778 0.47255632884661292 0.00368267607794998 0.00220357346163028
12 0.75537824152217281 0.47055474961896543 0.00368267607794998 0.00220357346163028
12 0.75350621451588151 0.46915915309326622 0.00368267607794998 0.00220357346163028
12 0.75056007365352151 0.46778191967974730 0.00368267607794998 0.00220357346163028
12 0.74730704311799911 0.46675358539765321 0.00368267607794998 0.00220357346163028
12 0.74399263464784415 0.46587215601300108 0.00368267607794998 0.00220357346163028
12 0.74086235998158667 0.46543144132067504 0.00368267607794998 0.00220357346163028
12 0.73742519564216669 0.46548653065721579 0.00368267607794998 0.00220357346163028
12 0.73447905477980668 0.46592724534954183 0.00368267607794998 0.00220357346163028
12 0.73082706766917294 0.46660668050021120 0.00368267607794998 0.00220357346163028
12 0.70250115083627440 0.43577501514956757 0.00368267607794998 0.00220357346163028
12 0.70458800061377935 0.43408560882898434 0.00368267607794998 0.00220357346163028
12 0.70682829522786561 0.43252474429366289 0.00368267607794998 0.00220357346163028
12 0.70827067669172927 0.43055989129037592 0.00368267607794998 0.00220357346163028
12 0.70900721190731930 0.42861340139926912 0.00368267607794998 0.00220357346163028
12 0.70885376707073811 0.42659345905944140 0.00368267607794998 0.00220357346163028
12 0.70820929875709682 0.42444497493435185 0.00368267607794998 0.00220357346163028
12 0.70652140555470311 0.42244339570670436 0.00368267607794998 0.00220357346163028
12 0.70428111094061685 0.42062544760085940 0.00368267607794998 0.00220357346163028
12 0.70136565904557313 0.41926657729952072 0.00368267607794998 0.00220357346163028
12 0.69838882921589684 0.41844023725140939 0.00368267607794998 0.00220357346163028
12 0.69516648764769062 0.41796279633472283 0.00368267607794998 0.00220357346163028
12 0.69172932330827064 0.41785261766164128 0.00368267607794998 0.00220357346163028
12 0.68841491483811568 0.41829333235396737 0.00368267607794998 0.00220357346163028
12 0.68559152984502070 0.41913803551425893 0.00368267607794998 0.00220357346163028
12 0.68246125517876322 0.42036836403033584 0.00368267607794998 0.00220357346163028
12 0.66757710603038212 0.43401215638026330 0.00368267607794998 0.00220357346163028
12 0.67058462482737458 0.43223093449877886 0.00368267607794998 0.00220357346163028
12 0.67325456498388825 0.43078024863653891 0.00368267607794998 0.00220357346163028
12 0.67466625748043574 0.42885212185761240 0.00368267607794998 0.00220357346163028
12 0.67570968236918827 0.42653836972290066 0.00368267607794998 0.00220357346163028
12 0.67638483965014573 0.42459187983179392 0.00368267607794998 0.00220357346163028
12 0.67552554856529079 0.42251684815542540 0.00368267607794998 0.00220357346163028
12 0.67509590302286326 0.42057035826431866 0.00368267607794998 0.00220357346163028
12 0.67303974221267460 0.41855041592449088 0.00368267607794998 0.00220357346163028
12 0.67070738069663960 0.41691609894044845 0.00368267607794998 0.00220357346163028
12 0.66812950744207456 0.41561231797565051 0.00368267607794998 0.00220357346163028
12 0.66502992174313336 0.41473088859099838 0.00368267607794998 0.00220357346163028
12 0.66156206843639709 0.41405145344032906 0.00368267607794998 0.00220357346163028
12 0.65815559306429339 0.41386782231852653 0.00368267607794998 0.00220357346163028
12 0.65477980665950586 0.41412490588905010 0.00368267607794998 0.00220357346163028
12 0.65097437471229092 0.41484106726407993 0.00368267607794998 0.00220357346163028
12 0.64821236765382850 0.41557559175129000 0.00368267607794998 0.00220357346163028
12 0.64566518336657974 0.41698955138916943 0.00368267607794998 0.00220357346163028
12 0.64339419978517720 0.41851368970013036 0.00368267607794998 0.00220357346163028
12 0.64173699555009978 0.42035000091815561 0.00368267607794998 0.00220357346163028
12 0.64078563756329598 0.42235158014580310 0.00368267607794998 0.00220357346163028
12 0.64029461408623600 0.42466533228051490 0.00368267607794998 0.00220357346163028
12 0.64063219272671479 0.42675872706906365 0.00368267607794998 0.00220357346163028
12 0.17566364891821390 0.45369741263749380 0.00368267607794998 0.00220357346163028
12 0.17256406321927267 0.45336687661824926 0.00368267607794998 0.00220357346163028
12 0.16915758784716894 0.45276089391630092 0.00368267607794998 0.00220357346163028
12 0.16621144698480897 0.45162238096112528 0.00368267607794998 0.00220357346163028
12 0.16397115237072271 0.45024514754760636 0.00368267607794998 0.00220357346163028
12 0.16209912536443150 0.44855574122702313 0.00368267607794998 0.00220357346163028
12 0.16068743286788401 0.44688469801862019 0.00368267607794998 0.00220357346163028
12 0.15992020868497775 0.44422204675248361 0.00368267607794998 0.00220357346163028
12 0.15961331901181525 0.44218374130047561 0.00368267607794998 0.00220357346163028
12 0.16071812183520023 0.44010870962410709 0.00368267607794998 0.00220357346163028
12 0.16237532607027774 0.43812549350863983 0.00368267607794998 0.00220357346163028
12 0.16483044345557771 0.43671153387076039 0.00368267607794998 0.00220357346163028
12 0.16719349393892896 0.43511394311107848 0.00368267607794998 0.00220357346163028
12 0.17020101273592145 0.43417742438988560 0.00368267607794998 0.00220357346163028
12 0.17376093294460643 0.43382852525846083 0.00368267607794998 0.00220357346163028
12 0.17796532146693264 0.43371834658537928 0.00368267607794998 0.00220357346163028
12 0.18103421819855761 0.43381016214628054 0.00368267607794998 0.00220357346163028
12 0.18407242596286635 0.43456304974567089 0.00368267607794998 0.00220357346163028
12 0.18704925579254258 0.43568319958866630 0.00368267607794998 0.00220357346163028
12 0.18938161730857755 0.43700534366564447 0.00368267607794998 0.00220357346163028
12 0.19143777811876631 0.43867638687404742 0.00368267607794998 0.00220357346163028
13 0.16961792235691270 0.29669280349633653 0.00552401411692497 0.00330536019244542
13 0.15860058309037900 0.29645408303799325 0.00552401411692497 0.00330536019244542
13 0.15031456191499157 0.29663771415979578 0.00552401411692497 0.00330536019244542
13 0.14267300905324537 0.29674789283287734 0.00552401411692497 0.00330536019244542
8 0.23246892742059230 0.15531520282057404 0.01288936627282492 0.00771250711570597
8 0.22636182292465859 0.14879629799658445 0.01288936627282492 0.00771250711570597
8 0.22470461868958111 0.14141432690012304 0.01288936627282492 0.00771250711570597
8 0.22657664569587233 0.13434452871072589 0.01288936627282492 0.00771250711570597
8 0.23179377013963481 0.12777053455019557 0.01288936627282492 0.00771250711570597
8 0.24054012582476600 0.12303285160769047 0.01288936627282492 0.00771250711570597
8 0.25171090992788092 0.11996621187358833 0.01288936627282492 0.00771250711570597
8 0.26337271750805585 0.11906641937675597 0.01288936627282492 0.00771250711570597
8 0.27570968236918830 0.12009475365885010 0.01288936627282492 0.00771250711570597
8 0.28642013196255944 0.12413463833850560 0.01288936627282492 0.00771250711570597
8 0.29406168482430567 0.12883559505665021 0.01288936627282492 0.00771250711570597
8 0.30062912382998314 0.13473015406651120 0.01288936627282492 0.00771250711570597
8 0.30296148534601813 0.14185504159244908 0.01288936627282492 0.00771250711570597
8 0.30081325763388062 0.14888811355748571 0.01288936627282492 0.00771250711570597
8 0.29492097590916067 0.15498466680132950 0.01288936627282492 0.00771250711570597
8 0.28755562375326071 0.15999779642653836 0.01288936627282492 0.00771250711570597
8 0.68669633266840568 0.15355234405126980 0.01288936627282492 0.00771250711570597
8 0.68516188430259317 0.14139596378794278 0.01288936627282492 0.00771250711570597
8 0.69188276814485195 0.13015773913362838 0.01288936627282492 0.00771250711570597
8 0.70661347245665185 0.12211469599867786 0.01288936627282492 0.00771250711570597
8 0.72683750191806040 0.11952549718126228 0.01288936627282492 0.00771250711570597
8 0.74709222034678535 0.12376737609490056 0.01288936627282492 0.00771250711570597
8 0.76038054319472148 0.13171860366894980 0.01288936627282492 0.00771250711570597
8 0.76630351388675766 0.14304864388416549 0.01288936627282492 0.00771250711570597
