1 0.54927437124838541 0.50248580206684668 0.01443659296406048 0.00707569127641747
1 0.56298913456424282 0.48963783632808860 0.01443659296406048 0.00707569127641747
1 0.54969227262366083 0.45500418955404526 0.01443659296406048 0.00707569127641747
1 0.52568193906238125 0.44597337305651241 0.01443659296406048 0.00707569127641747
1 0.49935415242002890 0.44221208453589050 0.01443659296406048 0.00707569127641747
1 0.43507332269584376 0.45599106228470349 0.01443659296406048 0.00707569127641747
1 0.42162449661879797 0.47006796387673400 0.01443659296406048 0.00707569127641747
1 0.44677456120355596 0.50678707755330044 0.01443659296406048 0.00707569127641747
27 0.68938530506800400 0.45316078577413649 0.01367677228174151 0.00670328647239549
27 0.70169440012157136 0.45731309933898145 0.01367677228174151 0.00670328647239549
27 0.70758301040954330 0.44952983893492227 0.01367677228174151 0.00670328647239549
27 0.69580578983359931 0.44543338609068056 0.01367677228174151 0.00670328647239549
27 0.70317605045209330 0.43986593427055209 0.01367677228174151 0.00670328647239549
27 0.71651090342679125 0.44452099432082676 0.01367677228174151 0.00670328647239549
27 0.71700478687029856 0.43368401452378735 0.01367677228174151 0.00670328647239549
27 0.72737633918395261 0.42904757471371380 0.01367677228174151 0.00670328647239549
27 0.73474659980244661 0.43530397542128291 0.01367677228174151 0.00670328647239549
27 0.74454828660436134 0.43156130714086210 0.01367677228174151 0.00670328647239549
27 0.73964744320340403 0.42444837538404245 0.01367677228174151 0.00670328647239549
27 0.75757921130613171 0.42217670607950841 0.01367677228174151 0.00670328647239549
27 0.76012461059190028 0.42919653663532259 0.01367677228174151 0.00670328647239549
27 0.77212977737254007 0.42902895447351269 0.01367677228174151 0.00670328647239549
27 0.77285160702074307 0.42234428824131831 0.01367677228174151 0.00670328647239549
27 0.78945368892941270 0.42219532631970952 0.01367677228174151 0.00670328647239549
27 0.78618645999544112 0.42867516990969184 0.01367677228174151 0.00670328647239549
27 0.80001519641364638 0.43066753561120941 0.01367677228174151 0.00670328647239549
27 0.80233264949471927 0.42370356577599849 0.01367677228174151 0.00670328647239549
27 0.82018843552921505 0.42629177916395122 0.01367677228174151 0.00670328647239549
27 0.81262821974014132 0.43319988827855882 0.01367677228174151 0.00670328647239549
27 0.82630499202188279 0.43673773391676751 0.01367677228174151 0.00670328647239549
27 0.83245953954866647 0.42982962480215997 0.01367677228174151 0.00670328647239549
27 0.84454068839753815 0.43498743133786427 0.01367677228174151 0.00670328647239549
27 0.83508092090266695 0.44154175588865097 0.01367677228174151 0.00670328647239549
27 0.84457867943165410 0.44554510753188714 0.01367677228174151 0.00670328647239549
27 0.85358255451713394 0.44025695931477515 0.01367677228174151 0.00670328647239549
27 0.86703138059417972 0.45003258542035190 0.01367677228174151 0.00670328647239549
27 0.85297469797127878 0.45236011544548926 0.01367677228174151 0.00670328647239549
27 0.85612795380290252 0.45798342798622105 0.01367677228174151 0.00670328647239549
27 0.87045057366461520 0.45610278372591007 0.01367677228174151 0.00670328647239549
27 0.87436365017855788 0.46759147192998790 0.01367677228174151 0.00670328647239549
27 0.86015500341919304 0.46677218136113957 0.01367677228174151 0.00670328647239549
27 0.86015500341919304 0.47444372032399218 0.01367677228174151 0.00670328647239549
27 0.87390775776916652 0.47518852993203614 0.01367677228174151 0.00670328647239549
27 0.86953878884583236 0.48448002979238430 0.01367677228174151 0.00670328647239549
27 0.86232049236380215 0.49163020202960617 0.01367677228174151 0.00670328647239549
27 0.84997340627611884 0.48753374918536452 0.01367677228174151 0.00670328647239549
27 0.85582402552997494 0.48083046271296898 0.01367677228174151 0.00670328647239549
11 0.48142238431730111 0.07040312820035378 0.01367677228174151 0.00670328647239549
11 0.53810500721829646 0.09945070291406759 0.01367677228174151 0.00670328647239549
11 0.41831927665071045 0.09876175402662694 0.01367677228174151 0.00670328647239549
11 0.46626396170503759 0.44468857648263660 0.01367677228174151 0.00670328647239549
11 0.56557252488412735 0.47062657108276695 0.01367677228174151 0.00670328647239549
11 0.42215637109642123 0.49095987338236663 0.01367677228174151 0.00670328647239549
11 0.85852138895220731 0.48619309189088539 0.01367677228174151 0.00670328647239549
11 0.86661347921890430 0.47016106507773953 0.01367677228174151 0.00670328647239549
11 0.86137071651090347 0.45429662042640351 0.01367677228174151 0.00670328647239549
11 0.84347693944229163 0.43979145330974767 0.01367677228174151 0.00670328647239549
11 0.82136615758680953 0.43089097849362257 0.01367677228174151 0.00670328647239549
11 0.79367069371628296 0.42552834931570616 0.01367677228174151 0.00670328647239549
11 0.76502545399285771 0.42521180523228752 0.01367677228174151 0.00670328647239549
11 0.73725400805409924 0.42982962480215997 0.01367677228174151 0.00670328647239549
11 0.71518121723273309 0.43830183409365980 0.01367677228174151 0.00670328647239549
11 0.69755337740293288 0.45087049622940134 0.01367677228174151 0.00670328647239549
17 0.52560595699414936 0.24729541011079043 0.01367677228174151 0.00670328647239549
17 0.51128333713243679 0.23966111162834000 0.01367677228174151 0.00670328647239549
17 0.49122407111921584 0.23517363373987524 0.01367677228174151 0.00670328647239549
17 0.46759364789909580 0.23580672190671259 0.01367677228174151 0.00670328647239549
17 0.44981384393283186 0.24211898333488502 0.01367677228174151 0.00670328647239549
17 0.43792265025453991 0.25062843310678706 0.01367677228174151 0.00670328647239549
17 0.43404756477471318 0.25967786984452101 0.01367677228174151 0.00670328647239549
17 0.67897576172023399 0.16933246438879063 0.01367677228174151 0.00670328647239549
17 0.68585213889522068 0.16080439437668745 0.01367677228174151 0.00670328647239549
17 0.68516830028113362 0.15195978028116564 0.01367677228174151 0.00670328647239549
17 0.67813995896968315 0.14317102690624708 0.01367677228174151 0.00670328647239549
17 0.66507104323379684 0.13538776650218787 0.01367677228174151 0.00670328647239549
17 0.64330218068535827 0.13235266734940881 0.01367677228174151 0.00670328647239549
17 0.62316693260390543 0.13237128758960989 0.01367677228174151 0.00670328647239549
17 0.60496922726236613 0.13764081556652080 0.01367677228174151 0.00670328647239549
17 0.59155839221943618 0.14577786053440089 0.01367677228174151 0.00670328647239549
17 0.58711344122787024 0.15508798063495019 0.01367677228174151 0.00670328647239549
17 0.51398070055466905 0.12531421655339353 0.01367677228174151 0.00670328647239549
17 0.52484613631183041 0.11963504329205847 0.01367677228174151 0.00670328647239549
17 0.53362206519261457 0.11207522577041244 0.01367677228174151 0.00670328647239549
17 0.53141858521388952 0.08680755981752164 0.01367677228174151 0.00670328647239549
17 0.52173087151432262 0.08002979238432176 0.01367677228174151 0.00670328647239549
17 0.50706633234556642 0.07390373335816032 0.01367677228174151 0.00670328647239549
17 0.45258718942329612 0.07343822735313285 0.01367677228174151 0.00670328647239549
17 0.43636501785578602 0.07928498277627781 0.01367677228174151 0.00670328647239549
17 0.42648734898563939 0.08647239549390187 0.01367677228174151 0.00670328647239549
17 0.42253628143758071 0.11200074480960805 0.01367677228174151 0.00670328647239549
17 0.43074234480662565 0.11920677776743320 0.01367677228174151 0.00670328647239549
17 0.44255755641668565 0.12546317847500232 0.01367677228174151 0.00670328647239549
17 0.27330749943013449 0.17746950935667069 0.01367677228174151 0.00670328647239549
17 0.26475951675404602 0.16976072991341587 0.01367677228174151 0.00670328647239549
17 0.26027657472836413 0.16032026813145889 0.01367677228174151 0.00670328647239549
17 0.26464554365169818 0.15052602178568103 0.01367677228174151 0.00670328647239549
17 0.27828432489932375 0.14307792570524161 0.01367677228174151 0.00670328647239549
17 0.29522832611503685 0.13762219532631970 0.01367677228174151 0.00670328647239549
3 0.54824861332725472 0.50715948235732244 0.01139731023478459 0.00558607206032958
3 0.55759440771977808 0.50259752350805320 0.01139731023478459 0.00558607206032958
3 0.54988222779424056 0.49784936225677312 0.01139731023478459 0.00558607206032958
3 0.55516298153635746 0.49133227818638858 0.01139731023478459 0.00558607206032958
3 0.56754805865815672 0.49323154268690067 0.01139731023478459 0.00558607206032958
3 0.57092926069447614 0.48835303975421285 0.01139731023478459 0.00558607206032958
3 0.55937998632322772 0.48585792756726559 0.01139731023478459 0.00558607206032958
3 0.54874249677076214 0.45937994600130344 0.01139731023478459 0.00558607206032958
3 0.54038446926525341 0.45442696210781119 0.01139731023478459 0.00558607206032958
3 0.55816427323151740 0.45539521459826832 0.01139731023478459 0.00558607206032958
3 0.54992021882835651 0.45074015454799365 0.01139731023478459 0.00558607206032958
3 0.51709596535217683 0.44757471371380692 0.01139731023478459 0.00558607206032958
3 0.52731555352936710 0.45014430686155854 0.01139731023478459 0.00558607206032958
3 0.53347010105615078 0.44465133600223444 0.01139731023478459 0.00558607206032958
3 0.52401033356127957 0.44198864165347734 0.01139731023478459 0.00558607206032958
3 0.49483321936023100 0.44513546224746298 0.01139731023478459 0.00558607206032958
3 0.50516678063976905 0.44539614561027835 0.01139731023478459 0.00558607206032958
3 0.50634450269736342 0.43954939018713340 0.01139731023478459 0.00558607206032958
3 0.49483321936023100 0.43908388418210598 0.01139731023478459 0.00558607206032958
3 0.43438948408175670 0.45131738199422772 0.01139731023478459 0.00558607206032958
3 0.44362130537193223 0.45638208732892654 0.01139731023478459 0.00558607206032958
3 0.43507332269584376 0.46064612233497815 0.01139731023478459 0.00558607206032958
3 0.42542360003039281 0.45692207429475840 0.01139731023478459 0.00558607206032958
3 0.41782539320720308 0.46621357415510661 0.01139731023478459 0.00558607206032958
3 0.42891877516906013 0.46882040778326040 0.01139731023478459 0.00558607206032958
3 0.42447382417749413 0.47427613816218228 0.01139731023478459 0.00558607206032958
3 0.41262062153331813 0.47215343077925703 0.01139731023478459 0.00558607206032958
3 0.43769470404984423 0.50678707755330044 0.01139731023478459 0.00558607206032958
3 0.44768634602233875 0.51136765664277073 0.01139731023478459 0.00558607206032958
3 0.45612035559607933 0.50686155851410486 0.01139731023478459 0.00558607206032958
3 0.44719246257883138 0.50248580206684668 0.01139731023478459 0.00558607206032958
