13 0.55366711319490958 0.43164048360240354 0.00686537173476222 0.00445232751755593
13 0.55573230631837467 0.42574024469702454 0.00686537173476222 0.00445232751755593
13 0.55807657959365931 0.41967711576051547 0.00686537173476222 0.00441612973286035
13 0.56092319714221928 0.41365018460870195 0.00686537173476222 0.00445232751755593
13 0.56329537843268584 0.40782234127271411 0.00680955570439830 0.00445232751755593
13 0.56639316811788343 0.40232027799898645 0.00686537173476222 0.00445232751755593
13 0.56996539406117441 0.39660102801708536 0.00686537173476222 0.00445232751755593
13 0.57211431123018530 0.39126185477448783 0.00680955570439830 0.00441612973286035
13 0.57392833221701267 0.38545211033084775 0.00686537173476222 0.00445232751755593
13 0.57644005358338912 0.38007673930355462 0.00686537173476222 0.00441612973286035
13 0.57844943067649024 0.37484615941504379 0.00686537173476222 0.00445232751755593
13 0.58004018754186204 0.36889162383262142 0.00680955570439830 0.00441612973286035
13 0.58191002455905338 0.36329906609715484 0.00686537173476222 0.00445232751755593
13 0.58324960928778746 0.35781510171577502 0.00686537173476222 0.00441612973286035
13 0.58576133065416391 0.35258452182726419 0.00686537173476222 0.00445232751755593
13 0.58740790354989958 0.34722724969231883 0.00680955570439830 0.00445232751755593
13 0.58911029247599911 0.34154419749511328 0.00686537173476222 0.00445232751755593
13 0.59184527796383124 0.33600593643669008 0.00686537173476222 0.00445232751755593
13 0.52654052243804417 0.65041989430246872 0.00686537173476222 0.00445232751755593
13 0.52213105603929444 0.64495402881343666 0.00686537173476222 0.00445232751755593
13 0.51652154498772052 0.64033881126475056 0.00680955570439830 0.00441612973286035
13 0.51063295378432683 0.63623036270180267 0.00686537173476222 0.00445232751755593
13 0.50443737441393166 0.63195902410772464 0.00686537173476222 0.00445232751755593
13 0.45102143335565975 0.53590820241801207 0.00686537173476222 0.00441612973286035
13 0.45640768028577805 0.53165496271628176 0.00680955570439830 0.00445232751755593
13 0.46112413485152937 0.52738362412220374 0.00686537173476222 0.00445232751755593
13 0.55869055592766248 0.58095634547165709 0.00686537173476222 0.00445232751755593
13 0.55788122348738556 0.57501990878158260 0.00680955570439830 0.00445232751755593
13 0.55567649028801069 0.56933685658437705 0.00686537173476222 0.00445232751755593
13 0.55372292922527355 0.56354521103308475 0.00686537173476222 0.00445232751755593
13 0.55040187541862018 0.55815174111344390 0.00680955570439830 0.00445232751755593
13 0.54696918955123908 0.55279446897849849 0.00686537173476222 0.00445232751755593
13 0.54283880330430900 0.54758198798233548 0.00686537173476222 0.00445232751755593
13 0.53731301629828088 0.54267718815608490 0.00686537173476222 0.00441612973286035
13 0.53228957356552797 0.53769999276044311 0.00686537173476222 0.00445232751755593
13 0.52743357892386689 0.53292188518062700 0.00686537173476222 0.00445232751755593
13 0.52123799955347172 0.52821617317020197 0.00686537173476222 0.00445232751755593
13 0.51596338468408132 0.52441540577716639 0.00680955570439830 0.00445232751755593
13 0.51068876981469080 0.52074133063056538 0.00686537173476222 0.00441612973286035
13 0.50460482250502348 0.51681387099109533 0.00686537173476222 0.00445232751755593
13 0.49846505916499217 0.51279591688988635 0.00686537173476222 0.00445232751755593
13 0.49271600803750837 0.50921233620502426 0.00686537173476222 0.00445232751755593
13 0.48657624469747712 0.50624411785998702 0.00686537173476222 0.00445232751755593
13 0.45844496539406115 0.49656121045392021 0.00686537173476222 0.00441612973286035
13 0.44990511274838135 0.49733946282487512 0.00686537173476222 0.00445232751755593
13 0.76258651484706408 0.46135886483747196 0.00686537173476222 0.00445232751755593
13 0.76138647019423977 0.45527763700861507 0.00680955570439830 0.00445232751755593
13 0.75840031256977003 0.44941359588793167 0.00686537173476222 0.00445232751755593
13 0.75588859120339358 0.44392963150655179 0.00686537173476222 0.00441612973286035
13 0.75290243357892384 0.43811988706291177 0.00680955570439830 0.00445232751755593
13 0.74919066755972319 0.43290740606674871 0.00686537173476222 0.00445232751755593
13 0.74545099352534050 0.42751393614710781 0.00686537173476222 0.00445232751755593
13 0.72122683634739893 0.39783175269673499 0.00686537173476222 0.00445232751755593
13 0.71773833444965396 0.39270976616231085 0.00680955570439830 0.00441612973286035
13 0.71531033712882341 0.38722580178093102 0.00686537173476222 0.00445232751755593
13 0.71279861576244696 0.38194092521537681 0.00686537173476222 0.00445232751755593
13 0.71078923866934585 0.37663794975747483 0.00686537173476222 0.00441612973286035
13 0.70917057378879211 0.37151596322305075 0.00686537173476222 0.00445232751755593
16 0.74157177941504804 0.34020487946137695 0.01082830989060058 0.00698617244624629
16 0.72915271265907566 0.33110113661043944 0.01077249386023666 0.00702237023094187
16 0.74570216566197811 0.31578947368421051 0.01082830989060058 0.00702237023094187
16 0.76451216789461929 0.31933685658437705 0.01082830989060058 0.00702237023094187
16 0.71522661308327751 0.24571056251357418 0.01082830989060058 0.00702237023094187
16 0.72611073900424206 0.23557518279881270 0.01082830989060058 0.00702237023094187
16 0.68782094217459255 0.22607326431622385 0.01082830989060058 0.00698617244624629
16 0.59706407680285778 0.28129298486932602 0.01082830989060058 0.00702237023094187
16 0.58070997990622908 0.27649677839716208 0.01082830989060058 0.00698617244624629
16 0.59631056039294483 0.30007963512633029 0.01077249386023666 0.00702237023094187
25 0.75382339807992860 0.30192572214580465 0.01423308774279973 0.00919423731267646
25 0.77481022549676271 0.29112068341417507 0.01423308774279973 0.00923043509737204
25 0.75281870953337804 0.28268659958010572 0.01423308774279973 0.00923043509737204
25 0.77299620450993523 0.28114819373054367 0.01417727171243581 0.00919423731267646
25 0.74813016298280866 0.27331137334395134 0.01423308774279973 0.00923043509737204
25 0.76816811788345618 0.26822558459422285 0.01423308774279973 0.00919423731267646
25 0.74266019200714450 0.26522116846448995 0.01423308774279973 0.00919423731267646
25 0.75909801294931900 0.25687757909215958 0.01417727171243581 0.00923043509737204
25 0.74824179504353650 0.24771953956417866 0.01423308774279973 0.00923043509737204
25 0.73132953784326860 0.25595453558242237 0.01423308774279973 0.00919423731267646
25 0.66295490064746598 0.23888728009845797 0.01423308774279973 0.00923043509737204
25 0.64609845947756195 0.24142112502714833 0.01423308774279973 0.00923043509737204
25 0.63906563965170793 0.23016361398682400 0.01423308774279973 0.00923043509737204
25 0.62385577137753967 0.23356620574820822 0.01417727171243581 0.00923043509737204
25 0.63652601027014954 0.24580105697531310 0.01417727171243581 0.00923043509737204
25 0.60903661531591868 0.24225367407514661 0.01423308774279973 0.00923043509737204
25 0.62405112748381331 0.25209947151234346 0.01423308774279973 0.00923043509737204
25 0.61467403438267465 0.25857887497285165 0.01423308774279973 0.00923043509737204
25 0.59834784550122799 0.25054296677043364 0.01417727171243581 0.00923043509737204
25 0.60515740120562622 0.26704915659161660 0.01417727171243581 0.00923043509737204
25 0.58634739897298505 0.32103815246506912 0.01417727171243581 0.00919423731267646
8 0.75653047555257869 0.90022080648664304 0.01819602589863809 0.01176428002606240
8 0.74497655726724721 0.91026569173966554 0.01819602589863809 0.01180047781075798
8 0.72954342487162316 0.91667269963078257 0.01814020986827417 0.01180047781075798
8 0.71254744362580935 0.92036487366973141 0.01819602589863809 0.01180047781075798
8 0.69552355436481361 0.92184898284225003 0.01819602589863809 0.01180047781075798
8 0.67649028801071664 0.92488959675667848 0.01819602589863809 0.01180047781075798
8 0.62820942174592542 0.91631072178382678 0.01819602589863809 0.01180047781075798
8 0.61018084393837912 0.92141460942590314 0.01819602589863809 0.01180047781075798
8 0.59248716231301635 0.92378556432346337 0.01819602589863809 0.01176428002606240
8 0.50401875418620223 0.92561355245059007 0.01819602589863809 0.01180047781075798
8 0.48654833668229513 0.92572214580467671 0.01819602589863809 0.01180047781075798
8 0.46854766688993077 0.92981249547527689 0.01814020986827417 0.01180047781075798
8 0.45160750167448094 0.93354086729892127 0.01819602589863809 0.01180047781075798
8 0.43335565974547890 0.87475566495330481 0.01819602589863809 0.01180047781075798
8 0.42481580709979905 0.88443857235937162 0.01819602589863809 0.01176428002606240
8 0.41828533154722036 0.89575038007673935 0.01819602589863809 0.01180047781075798
8 0.41521544987720471 0.90784044016506193 0.01819602589863809 0.01180047781075798
8 0.41245255637419065 0.92050966480851371 0.01814020986827417 0.01180047781075798
8 0.40868497432462603 0.93220154926518495 0.01819602589863809 0.01180047781075798
8 0.40282429113641438 0.94398392818359511 0.01819602589863809 0.01176428002606240
8 0.39785666443402545 0.95793817418373994 0.01819602589863809 0.01180047781075798
8 0.39074012056262558 0.96912328965467309 0.01814020986827417 0.01180047781075798
8 0.38116767135521323 0.95898790993991168 0.01819602589863809 0.01180047781075798
8 0.37251618664880554 0.94894302468688918 0.01819602589863809 0.01176428002606240
8 0.36185532484929672 0.93909722724969236 0.01819602589863809 0.01176428002606240
8 0.34812458137977226 0.93010207775284148 0.01819602589863809 0.01180047781075798
8 0.33461710203170353 0.92184898284225003 0.01819602589863809 0.01180047781075798
8 0.31963049787899084 0.91366828350104978 0.01814020986827417 0.01180047781075798
8 0.29211319490957804 0.92090784044016505 0.01814020986827417 0.01180047781075798
8 0.27461486939048896 0.92192137841164123 0.01819602589863809 0.01180047781075798
8 0.25574905112748381 0.92333309201476865 0.01819602589863809 0.01180047781075798
8 0.23710649698593436 0.92300731195250851 0.01819602589863809 0.01180047781075798
8 0.34711989283322170 0.83968001158329109 0.01819602589863809 0.01180047781075798
8 0.33620785889707522 0.82882067617461808 0.01814020986827417 0.01180047781075798
8 0.32750055816030366 0.81698400057916454 0.01814020986827417 0.01180047781075798
8 0.32222594329091314 0.80628755520162165 0.01819602589863809 0.01176428002606240
8 0.31254186202277295 0.79537392311590527 0.01814020986827417 0.01180047781075798
8 0.30486715784773388 0.78610729023383774 0.01819602589863809 0.01180047781075798
8 0.29080151819602590 0.77752841526098604 0.01819602589863809 0.01180047781075798
8 0.31932350971198931 0.68960399623543034 0.01819602589863809 0.01180047781075798
8 0.30592766242464836 0.67988489104466809 0.01819602589863809 0.01176428002606240
8 0.29389930788122348 0.67193947730398895 0.01814020986827417 0.01180047781075798
8 0.28650368385800401 0.66111633968001160 0.01819602589863809 0.01180047781075798
8 0.38141884349185085 0.43442771302396294 0.01814020986827417 0.01176428002606240
8 0.37968854655056933 0.44613769637298195 0.01814020986827417 0.01180047781075798
8 0.37843268586738110 0.45706942735104611 0.01819602589863809 0.01180047781075798
8 0.37960482250502342 0.46919568522406430 0.01819602589863809 0.01180047781075798
8 0.36422750613976335 0.54798016361398683 0.01814020986827417 0.01176428002606240
8 0.35373409243134629 0.53862303627018027 0.01814020986827417 0.01180047781075798
8 0.34312904666220140 0.52881343661767899 0.01814020986827417 0.01180047781075798
8 0.33408684974324626 0.51913052921161229 0.01814020986827417 0.01176428002606240
8 0.32440276847510607 0.50760153478607106 0.01819602589863809 0.01180047781075798
8 0.31826300513507477 0.49694128719322378 0.01819602589863809 0.01176428002606240
8 0.31312793034159409 0.48610005067689860 0.01819602589863809 0.01180047781075798
8 0.30869055592766242 0.47372040831101137 0.01814020986827417 0.01180047781075798
8 0.30754632730520204 0.46224571056251357 0.01819602589863809 0.01180047781075798
8 0.30930453226166554 0.44943169478027944 0.01814020986827417 0.01180047781075798
8 0.31725831658852421 0.43837327155578076 0.01819602589863809 0.01176428002606240
8 0.32925876311676716 0.43031926446101498 0.01819602589863809 0.01180047781075798
8 0.34483143558830098 0.42394845435459350 0.01819602589863809 0.01180047781075798
8 0.36059946416610850 0.41757764424817201 0.01814020986827417 0.01180047781075798
8 0.37318597901317258 0.40847390139723450 0.01819602589863809 0.01176428002606240
8 0.37854431792810894 0.39719829146456237 0.01819602589863809 0.01180047781075798
8 0.38027461486939051 0.38476435242163182 0.01819602589863809 0.01176428002606240
8 0.38161419959812459 0.37276478679504815 0.01819602589863809 0.01180047781075798
8 0.38088859120339363 0.36045753999855207 0.01819602589863809 0.01180047781075798
8 0.37832105380665326 0.34840367769492508 0.01819602589863809 0.01180047781075798
8 0.37809778968519758 0.33627741982190690 0.01819602589863809 0.01180047781075798
8 0.39305648582272829 0.29758198798233548 0.01819602589863809 0.01180047781075798
8 0.41013619111408794 0.29772677912111778 0.01819602589863809 0.01180047781075798
8 0.42866711319490958 0.29758198798233548 0.01819602589863809 0.01180047781075798
8 0.44770037954900649 0.29725620792007529 0.01819602589863809 0.01180047781075798
8 0.46589640544764455 0.29671324114964165 0.01819602589863809 0.01180047781075798
8 0.48289238669345835 0.29580829653225221 0.01814020986827417 0.01180047781075798
8 0.50080933244027681 0.35140809382465793 0.01814020986827417 0.01180047781075798
8 0.50346059388256303 0.36300948381959025 0.01819602589863809 0.01176428002606240
8 0.51043759767805319 0.37401361036704556 0.01819602589863809 0.01176428002606240
8 0.52042866711319491 0.38402229783537245 0.01819602589863809 0.01180047781075798
8 0.53231748158071002 0.39310794179396219 0.01819602589863809 0.01180047781075798
8 0.54844831435588304 0.39920726851516686 0.01819602589863809 0.01176428002606240
8 0.59974324626032594 0.32264895388402232 0.01819602589863809 0.01176428002606240
8 0.74653940611743697 0.32664880909288352 0.01819602589863809 0.01180047781075798
8 0.76331212324179509 0.29655035111851152 0.01814020986827417 0.01176428002606240
8 0.76043759767805319 0.27629769058133641 0.01819602589863809 0.01180047781075798
8 0.74413931681178835 0.25633461232172589 0.01819602589863809 0.01176428002606240
8 0.65226613083277518 0.23354810685586042 0.01819602589863809 0.01180047781075798
8 0.62419066755972319 0.24321291536957937 0.01819602589863809 0.01180047781075798
8 0.60219915159633852 0.26064214870049951 0.01819602589863809 0.01176428002606240
8 0.58743581156508151 0.29063201332078475 0.01814020986827417 0.01180047781075798
8 0.50496762670238893 0.25758343589372329 0.01819602589863809 0.01180047781075798
8 0.35549229738780980 0.26797220010135381 0.01819602589863809 0.01180047781075798
8 0.35931569546773834 0.25573734887424887 0.01814020986827417 0.01180047781075798
8 0.36135298057602144 0.24382827770940418 0.01819602589863809 0.01180047781075798
8 0.36481357445858453 0.23275175559255773 0.01819602589863809 0.01180047781075798
8 0.36592989506586293 0.22080648664301744 0.01819602589863809 0.01180047781075798
8 0.36899977673587853 0.20846304206182581 0.01819602589863809 0.01180047781075798
8 0.37078588970752402 0.19675305871280677 0.01819602589863809 0.01176428002606240
8 0.37363250725608393 0.18473539419387533 0.01819602589863809 0.01176428002606240
8 0.37558606831882119 0.17356837761528995 0.01819602589863809 0.01180047781075798
8 0.37977227059611518 0.16136972417288062 0.01819602589863809 0.01180047781075798
8 0.38993078812234871 0.13816694418301600 0.01819602589863809 0.01180047781075798
8 0.39794038847957131 0.12701802649677840 0.01814020986827417 0.01180047781075798
8 0.40807099799062291 0.11623108665749655 0.01819602589863809 0.01180047781075798
8 0.42269479794597009 0.10895533193368566 0.01819602589863809 0.01180047781075798
8 0.43840701049341368 0.10229493954969957 0.01814020986827417 0.01180047781075798
8 0.45699374860459924 0.09777021646275248 0.01814020986827417 0.01180047781075798
8 0.47337575351640993 0.09449431694780279 0.01819602589863809 0.01176428002606240
8 0.49151596338468406 0.09328169116050097 0.01819602589863809 0.01180047781075798
8 0.50965617325295820 0.09353507565337002 0.01819602589863809 0.01180047781075798
8 0.52827081937932574 0.09509158039527980 0.01814020986827417 0.01180047781075798
8 0.54660638535387363 0.09892854557301094 0.01819602589863809 0.01180047781075798
24 0.54473654833668228 0.02204445087960617 0.01021433355659745 0.00666039238398610
24 0.55132283991962494 0.02419821906899298 0.01021433355659745 0.00662419459929052
24 0.55880218798839032 0.02723883298342141 0.01021433355659745 0.00662419459929052
24 0.56633735208751956 0.02941070006515601 0.01021433355659745 0.00662419459929052
24 0.57825407457021660 0.03565481792514298 0.01027014958696137 0.00666039238398610
24 0.58422638981915609 0.03846014623905017 0.01027014958696137 0.00662419459929052
24 0.58930564858227286 0.04198943024686889 0.01027014958696137 0.00666039238398610
24 0.59499888367939269 0.04564540650112213 0.01027014958696137 0.00666039238398610
24 0.60454342487162316 0.05219720553102150 0.01027014958696137 0.00666039238398610
24 0.61023665996874299 0.05701151089553319 0.01027014958696137 0.00666039238398610
24 0.62017191337352084 0.06446825454282198 0.01027014958696137 0.00666039238398610
24 0.62413485152935921 0.06888438427568233 0.01027014958696137 0.00666039238398610
24 0.62848850189774508 0.07304712951567364 0.01027014958696137 0.00666039238398610
24 0.63180955570439834 0.07760805038731630 0.01021433355659745 0.00666039238398610
24 0.63638647019423977 0.08220516904365453 0.01021433355659745 0.00666039238398610
24 0.64512167894619332 0.09601462390501701 0.01027014958696137 0.00662419459929052
24 0.64503795490064741 0.09934482009701007 0.01021433355659745 0.00662419459929052
24 0.64788457244920739 0.10417722435386954 0.01021433355659745 0.00666039238398610
24 0.64914043313239567 0.10948019981177153 0.01027014958696137 0.00662419459929052
24 0.64944742129939714 0.11396872511402302 0.01021433355659745 0.00662419459929052
24 0.65034047778521986 0.11880112937088250 0.01021433355659745 0.00666039238398610
24 0.65042420183076577 0.12383262144356766 0.01027014958696137 0.00666039238398610
24 0.64941951328421521 0.12859263013103597 0.01027014958696137 0.00662419459929052
24 0.64992185755749055 0.13391370448128576 0.01027014958696137 0.00662419459929052
24 0.64953114534494305 0.13829363642945053 0.01027014958696137 0.00662419459929052
24 0.64880553695021215 0.14330702960978789 0.01027014958696137 0.00666039238398610
24 0.64947532931457919 0.14922536740751466 0.01027014958696137 0.00662419459929052
24 0.64830319267693681 0.15322522261637589 0.01027014958696137 0.00666039238398610
24 0.64813574458584511 0.15774994570332296 0.01027014958696137 0.00666039238398610
24 0.64618218352310786 0.16290813002244262 0.01027014958696137 0.00662419459929052
24 0.64422862246037060 0.16777673206399768 0.01027014958696137 0.00666039238398610
24 0.64305648582272834 0.17215666401216245 0.01027014958696137 0.00666039238398610
24 0.64043313239562405 0.17704336494606529 0.01027014958696137 0.00666039238398610
24 0.63917727171243577 0.18158618692536016 0.01021433355659745 0.00662419459929052
24 0.63440500111632059 0.19047274306812423 0.01027014958696137 0.00666039238398610
24 0.63217235990176379 0.19492507058568015 0.01027014958696137 0.00666039238398610
24 0.62926992632283996 0.19897922247158473 0.01027014958696137 0.00666039238398610
24 0.62547443625809329 0.20368493448200969 0.01027014958696137 0.00666039238398610
24 0.62126032596561731 0.20806486643017447 0.01021433355659745 0.00666039238398610
24 0.61687876758204951 0.21191993050025337 0.01027014958696137 0.00662419459929052
24 0.29777852199151594 0.21172084268442770 0.01027014958696137 0.00666039238398610
24 0.29395512391158740 0.20719611959748063 0.01021433355659745 0.00666039238398610
24 0.29124804643893726 0.20339535220444510 0.01027014958696137 0.00666039238398610
24 0.28745255637419065 0.19890682690219358 0.01027014958696137 0.00666039238398610
24 0.28354543424871625 0.19430970824585536 0.01027014958696137 0.00666039238398610
24 0.28047555257870060 0.18983928183595164 0.01027014958696137 0.00662419459929052
24 0.26451216789461934 0.13885470209223197 0.01027014958696137 0.00666039238398610
24 0.26456798392498326 0.13394990226598133 0.01027014958696137 0.00662419459929052
24 0.26680062513954006 0.11977846955766307 0.01027014958696137 0.00666039238398610
24 0.26920071444518867 0.11509085643958590 0.01027014958696137 0.00662419459929052
24 0.27020540299173923 0.10986027655107507 0.01027014958696137 0.00666039238398610
24 0.27229850413038625 0.10553464127995367 0.01021433355659745 0.00662419459929052
24 0.27483813351194464 0.10037645696083400 0.01027014958696137 0.00666039238398610
24 0.28072672471533827 0.09150799971041772 0.01021433355659745 0.00666039238398610
24 0.28273610180843939 0.08678418880764498 0.01021433355659745 0.00662419459929052
24 0.28644786782764009 0.08280243249113155 0.01027014958696137 0.00662419459929052
24 0.28884795713328870 0.07811481937305437 0.01027014958696137 0.00666039238398610
24 0.29311788345612860 0.07431405198001882 0.01021433355659745 0.00666039238398610
24 0.29752734985487833 0.06987982335481069 0.01021433355659745 0.00662419459929052
24 0.30634628265237779 0.06186201404474046 0.01021433355659745 0.00666039238398610
24 0.31100692118776513 0.05835082892926953 0.01027014958696137 0.00666039238398610
24 0.31541638758651486 0.05415188590458264 0.01027014958696137 0.00666039238398610
24 0.32136079482027236 0.05035111851154710 0.01021433355659745 0.00666039238398610
24 0.32657959365929895 0.04658654890320713 0.01027014958696137 0.00666039238398610
24 0.33165885242241572 0.04345544052703974 0.01027014958696137 0.00662419459929052
24 0.33782652377762895 0.03996235430391660 0.01021433355659745 0.00666039238398610
24 0.34298950658629157 0.03721132266705278 0.01027014958696137 0.00666039238398610
24 0.34963161419959815 0.03386302758271194 0.01027014958696137 0.00662419459929052
24 0.36280419736548336 0.02866864547889669 0.01027014958696137 0.00666039238398610
24 0.36925094887251619 0.02580902048794614 0.01021433355659745 0.00666039238398610
24 0.37580933244027687 0.02361905451386375 0.01027014958696137 0.00662419459929052
24 0.39819156061620897 0.01710345326865996 0.01027014958696137 0.00662419459929052
24 0.40447086403215005 0.01552884963440238 0.01021433355659745 0.00666039238398610
