18 0.75457930454627353 0.15164150840328483 0.00360338718395292 0.00218503614413955
18 0.76118551438352056 0.14055244997177663 0.00360338718395292 0.00218503614413955
18 0.76112545793045461 0.13854950017298204 0.00360338718395292 0.00218503614413955
18 0.76181610714071224 0.13618237768349750 0.00360338718395292 0.00218503614413955
18 0.76181610714071224 0.13421584515377191 0.00360338718395292 0.00218503614413955
18 0.76103537325085580 0.13204901764416688 0.00360338718395292 0.00218503614413955
18 0.75385862710948293 0.11972177206431289 0.00360338718395292 0.00218503614413955
18 0.75157648189297943 0.11822866403248421 0.00360338718395292 0.00218503614413955
18 0.74983484475406881 0.11671734736612102 0.00360338718395292 0.00218503614413955
18 0.74782295357636175 0.11535169977603379 0.00360338718395292 0.00218503614413955
18 0.74560086481292420 0.11376754857153262 0.00360338718395292 0.00218503614413955
18 0.74340880427601941 0.11249294415411788 0.00360338718395292 0.00218503614413955
18 0.74016575581046185 0.11123654837123764 0.00360338718395292 0.00218503614413955
18 0.73725301783676656 0.11045357708625431 0.00360338718395292 0.00218503614413955
18 0.73485075971413127 0.10967060580127096 0.00360338718395292 0.00218503614413955
18 0.73211819109963361 0.10894226041989111 0.00360338718395292 0.00218503614413955
18 0.72968590475046546 0.10832316684571824 0.00360338718395292 0.00218503614413955
18 0.72692330790943482 0.10770407327154537 0.00360338718395292 0.00218503614413955
18 0.72368025944387726 0.10743094375352792 0.00360338718395292 0.00218503614413955
18 0.72115788841511019 0.10701214515923450 0.00360338718395292 0.00218503614413955
18 0.71788481172301966 0.10683005881388954 0.00360338718395292 0.00218503614413955
18 0.71491201729625853 0.10686647608295854 0.00360338718395292 0.00218503614413955
18 0.71163894060416788 0.10693931062109652 0.00360338718395292 0.00218503614413955
18 0.70980721878565856 0.10697572789016552 0.00360338718395292 0.00218503614413955
18 0.70719476307729268 0.10728527467725195 0.00360338718395292 0.00218503614413955
18 0.70440213800972917 0.10763123873340738 0.00360338718395292 0.00218503614413955
18 0.70193982343402794 0.10788615961689033 0.00360338718395292 0.00218503614413955
18 0.69866674674193741 0.10868733953640816 0.00360338718395292 0.00218503614413955
18 0.69593417812743974 0.10945210218685701 0.00360338718395292 0.00218503614413955
18 0.69299141192721159 0.11012582166463337 0.00360338718395292 0.00218503614413955
18 0.69055912557804333 0.11127296564030663 0.00360338718395292 0.00218503614413955
18 0.68782655696354578 0.11227444053970392 0.00360338718395292 0.00218503614413955
18 0.68536424238784455 0.11354904495711866 0.00360338718395292 0.00218503614413955
18 0.68329229475707165 0.11447768531837797 0.00360338718395292 0.00218503614413955
18 0.68092006486096934 0.11578870700486170 0.00360338718395292 0.00218503614413955
18 0.67863791964446585 0.11768240499644932 0.00360338718395292 0.00218503614413955
18 0.67668608491982463 0.11924834756641599 0.00360338718395292 0.00218503614413955
18 0.67497447600744698 0.12048653471476174 0.00360338718395292 0.00218503614413955
18 0.67347306468079993 0.12243485860995285 0.00360338718395292 0.00218503614413955
18 0.67179148399495525 0.12432855660154045 0.00360338718395292 0.00218503614413955
18 0.67029007266830820 0.12613121142045558 0.00360338718395292 0.00218503614413955
18 0.66773767341300827 0.14348404013183053 0.00360338718395292 0.00218503614413955
18 0.66833823794366709 0.14497714816365920 0.00360338718395292 0.00218503614413955
18 0.66926911296618818 0.14696188932791929 0.00360338718395292 0.00218503614413955
18 0.67007987508257760 0.14850962326335149 0.00360338718395292 0.00218503614413955
18 0.67152122995615882 0.15038511262040460 0.00360338718395292 0.00218503614413955
18 0.67278241547054229 0.15187822065223328 0.00360338718395292 0.00218503614413955
18 0.67446399615638697 0.15335312004952747 0.00360338718395292 0.00218503614413955
18 0.67548495585850699 0.15462772446694223 0.00360338718395292 0.00218503614413955
18 0.67725662122395047 0.15584770298075348 0.00360338718395292 0.00218503614413955
18 0.67956879466698694 0.15735901964711665 0.00360338718395292 0.00218503614413955
18 0.68119031889976578 0.15857899816092791 0.00360338718395292 0.00218503614413955
18 0.30292474926430846 0.14847320599428249 0.00360338718395292 0.00218503614413955
18 0.30430604768482372 0.14659771663722937 0.00360338718395292 0.00218503614413955
18 0.30490661221548254 0.14455834956936578 0.00360338718395292 0.00218503614413955
18 0.30511680980121314 0.14168138531291538 0.00360338718395292 0.00218503614413955
18 0.30541709206654255 0.13933247145796537 0.00360338718395292 0.00218503614413955
18 0.30496666866854844 0.13636446402884247 0.00360338718395292 0.00218503614413955
18 0.30490661221548254 0.13376062929040952 0.00360338718395292 0.00218503614413955
18 0.30367545492763198 0.13132067226278701 0.00360338718395292 0.00218503614413955
18 0.29992192661101436 0.12662284455288697 0.00360338718395292 0.00218503614413955
18 0.29905110804155904 0.12505690198292030 0.00360338718395292 0.00218503614413955
18 0.29781995075370848 0.12290828310784974 0.00360338718395292 0.00218503614413955
18 0.29595820070866613 0.12117846282707259 0.00360338718395292 0.00218503614413955
18 0.29376614017176145 0.11915730439374352 0.00360338718395292 0.00218503614413955
18 0.29133385382259325 0.11788269997632878 0.00360338718395292 0.00218503614413955
18 0.28869136988769445 0.11595258471567217 0.00360338718395292 0.00218503614413955
18 0.28589874482013095 0.11440485078023999 0.00360338718395292 0.00218503614413955
18 0.28355654315056150 0.11309382909375626 0.00360338718395292 0.00218503614413955
18 0.28028346645847096 0.11192847648354849 0.00360338718395292 0.00218503614413955
18 0.27713050267251216 0.11103625339135818 0.00360338718395292 0.00218503614413955
18 0.27475827277640985 0.10957956262859848 0.00360338718395292 0.00218503614413955
18 0.25929373611194523 0.10712139696644149 0.00360338718395292 0.00218503614413955
18 0.25490961503813586 0.10732169194632095 0.00360338718395292 0.00218503614413955
18 0.25160651011951235 0.10730348331178645 0.00360338718395292 0.00218503614413955
18 0.24890396973154766 0.10743094375352792 0.00360338718395292 0.00218503614413955
18 0.24566092126599004 0.10755840419526939 0.00360338718395292 0.00218503614413955
18 0.24163713891057595 0.10788615961689033 0.00360338718395292 0.00218503614413955
18 0.23773346946129362 0.10868733953640816 0.00360338718395292 0.00218503614413955
18 0.23428022341000540 0.10934285037965003 0.00360338718395292 0.00218503614413955
18 0.23061677977298661 0.11005298712649539 0.00360338718395292 0.00218503614413955
18 0.22761395711969251 0.11114550519856516 0.00360338718395292 0.00218503614413955
18 0.22422076752147019 0.11311203772829076 0.00360338718395292 0.00218503614413955
18 0.21193922286949732 0.12106921101986562 0.00360338718395292 0.00218503614413955
18 0.21010750105098794 0.12287186583878075 0.00360338718395292 0.00218503614413955
18 0.20806558164674793 0.12562136965348969 0.00360338718395292 0.00218503614413955
18 0.20767521470181971 0.12797028350843970 0.00360338718395292 0.00218503614413955
18 0.20596360578944209 0.13084724776489012 0.00360338718395292 0.00218503614413955
18 0.20524292835265148 0.13279557166008121 0.00360338718395292 0.00218503614413955
18 0.20548315416491503 0.13472568692073780 0.00360338718395292 0.00218503614413955
18 0.20488258963425621 0.13625521222163550 0.00360338718395292 0.00218503614413955
18 0.20530298480571738 0.13873158651832698 0.00360338718395292 0.00218503614413955
18 0.20542309771184913 0.14100766583513902 0.00360338718395292 0.00218503614413955
18 0.20578343643024444 0.14332016242102005 0.00360338718395292 0.00218503614413955
18 0.20674433967929853 0.14554161583422859 0.00360338718395292 0.00218503614413955
18 0.20770524292835266 0.14799978149638560 0.00360338718395292 0.00218503614413955
18 0.20911656957540087 0.14992989675704219 0.00360338718395292 0.00218503614413955
18 0.60768122034712635 0.48373058504342759 0.00360338718395292 0.00218503614413955
18 0.60629992192661097 0.48152734026475352 0.00360338718395292 0.00218503614413955
18 0.60626989370007811 0.47946976456235546 0.00360338718395292 0.00218503614413955
18 0.60789141793285684 0.47730293705275040 0.00360338718395292 0.00218503614413955
18 0.61035373250855807 0.47580982902092173 0.00360338718395292 0.00218503614413955
18 0.61437751486397219 0.47520894408128334 0.00360338718395292 0.00218503614413955
18 0.61873160771124858 0.47591908082812867 0.00360338718395292 0.00218503614413955
18 0.62119392228694970 0.47750323203262990 0.00360338718395292 0.00218503614413955
18 0.62278541829319556 0.47946976456235546 0.00360338718395292 0.00218503614413955
18 0.62200468440333911 0.48180046978277097 0.00360338718395292 0.00218503614413955
18 0.63287490240826372 0.48058049126895974 0.00360338718395292 0.00218503614413955
18 0.63251456368986847 0.47859575010469962 0.00360338718395292 0.00218503614413955
18 0.63464656777370732 0.47670205211311206 0.00360338718395292 0.00218503614413955
18 0.63719896702900725 0.47519073544674884 0.00360338718395292 0.00218503614413955
18 0.64077232598642719 0.47391613102933411 0.00360338718395292 0.00218503614413955
18 0.64479610834184131 0.47422567781642055 0.00360338718395292 0.00218503614413955
18 0.64866974956459067 0.47469910231431744 0.00360338718395292 0.00218503614413955
18 0.65122214881989071 0.47637429669149112 0.00360338718395292 0.00218503614413955
18 0.65332412467719658 0.47843187239388918 0.00360338718395292 0.00218503614413955
18 0.65410485856705303 0.48110854167046013 0.00360338718395292 0.00218503614413955
18 0.67491441955438114 0.48114495893952913 0.00360338718395292 0.00218503614413955
18 0.67593537925650116 0.47744860612902640 0.00360338718395292 0.00218503614413955
18 0.67974896402618457 0.47464447641071394 0.00360338718395292 0.00218503614413955
18 0.68368266170199987 0.47400717420200661 0.00360338718395292 0.00218503614413955
18 0.68824695213500686 0.47444418143083450 0.00360338718395292 0.00218503614413955
18 0.69155005705363037 0.47670205211311206 0.00360338718395292 0.00218503614413955
18 0.69212059335775633 0.47854112420109618 0.00360338718395292 0.00218503614413955
18 0.69173022641282811 0.48107212440139113 0.00360338718395292 0.00218503614413955
18 0.61596901087021805 0.33183415575665981 0.00360338718395292 0.00218503614413955
18 0.61107440994534867 0.33248966659990170 0.00360338718395292 0.00218503614413955
18 0.62846075310792149 0.33824359511280250 0.00360338718395292 0.00218503614413955
18 0.62758993453846612 0.34101130756204590 0.00360338718395292 0.00218503614413955
18 0.69287129902107980 0.33995520675904511 0.00360338718395292 0.00218503614413955
18 0.69224070626388801 0.33791583969118155 0.00360338718395292 0.00218503614413955
18 0.69164014173322919 0.33576722081611099 0.00360338718395292 0.00218503614413955
18 0.68947810942285748 0.33452903366776526 0.00360338718395292 0.00218503614413955
18 0.68722599243288696 0.33310876017407454 0.00360338718395292 0.00218503614413955
18 0.68308209717134105 0.33218011981281526 0.00360338718395292 0.00218503614413955
18 0.67908834304245991 0.33177952985305631 0.00360338718395292 0.00218503614413955
18 0.67554501231157282 0.33241683206176370 0.00360338718395292 0.00218503614413955
18 0.67257221788481170 0.33343651559569548 0.00360338718395292 0.00218503614413955
18 0.66728725001501410 0.33682332161911177 0.00360338718395292 0.00218503614413955
18 0.66623626208636122 0.33877164551430289 0.00360338718395292 0.00218503614413955
18 0.66650651612515766 0.34101130756204590 0.00360338718395292 0.00218503614413955
18 0.66701699597621766 0.34301425736084051 0.00360338718395292 0.00218503614413955
18 0.66926911296618818 0.34525391940858358 0.00360338718395292 0.00218503614413955
18 0.67278241547054229 0.34671061017134325 0.00360338718395292 0.00218503614413955
9 0.94916221247973098 0.44660317922758974 0.00930875022521170 0.00564467670569384
9 0.94937241006546158 0.45306724448733587 0.00930875022521170 0.00564467670569384
9 0.94979280523692267 0.45980443926509951 0.00930875022521170 0.00564467670569384
9 0.94931235361239563 0.46548553323986236 0.00930875022521170 0.00564467670569384
9 0.94682001081016154 0.56486826052914296 0.00930875022521170 0.00564467670569384
9 0.94579905110804152 0.57080427538738865 0.00930875022521170 0.00564467670569384
9 0.94594919224070628 0.57675849888016895 0.00930875022521170 0.00564467670569384
9 0.94630953095910153 0.62329976875034143 0.00930875022521170 0.00564467670569384
9 0.94624947450603569 0.62914474043591473 0.00930875022521170 0.00564467670569384
9 0.94639961563870034 0.63573626613740231 0.00930875022521170 0.00564467670569384
9 0.94597922046723926 0.64209107958994160 0.00930875022521170 0.00564467670569384
9 0.94567893820190985 0.64840947577341179 0.00930875022521170 0.00564467670569384
9 0.94615938982643688 0.65478249786048548 0.00930875022521170 0.00564467670569384
9 0.94639961563870034 0.66079134725686917 0.00930875022521170 0.00564467670569384
9 0.94709026484895797 0.66661811030790796 0.00930875022521170 0.00564467670569384
9 0.94600924869377212 0.67268158560789526 0.00930875022521170 0.00564467670569384
9 0.94504834544471805 0.69134543600575393 0.00930875022521170 0.00564467670569384
9 0.94540868416311330 0.69731786813306873 0.00930875022521170 0.00564467670569384
9 0.94513843012431686 0.70296254483876253 0.00930875022521170 0.00564467670569384
9 0.94549876884271211 0.70906243740781882 0.00930875022521170 0.00564467670569384
9 0.94657978499789808 0.71514412134234051 0.00930875022521170 0.00564467670569384
9 0.94669989790402975 0.72109834483512081 0.00930875022521170 0.00564467670569384
9 0.94603927692030509 0.72668839563721122 0.00930875022521170 0.00564467670569384
9 0.94486817608552043 0.73302500045521590 0.00930875022521170 0.00564467670569384
9 0.94552879706924509 0.76387042735665256 0.00930875022521170 0.00564467670569384
9 0.94558885352231092 0.76980644221489836 0.00930875022521170 0.00564467670569384
9 0.94558885352231092 0.77599737795662704 0.00930875022521170 0.00564467670569384
9 0.94534862771004746 0.78209727052568323 0.00930875022521170 0.00564467670569384
9 0.94612936159990391 0.78857954441996392 0.00930875022521170 0.00564467670569384
9 0.94663984145096391 0.79416959522205433 0.00930875022521170 0.00564467670569384
9 0.94570896642844271 0.80037873959831751 0.00930875022521170 0.00564467670569384
9 0.94441775268752626 0.80591416449680442 0.00930875022521170 0.00564467670569384
9 0.94501831721818508 0.81164988437517072 0.00930875022521170 0.00564467670569384
9 0.94507837367125103 0.81716710063912312 0.00930875022521170 0.00564467670569384
9 0.94360699057113684 0.84012818878712281 0.00930875022521170 0.00564467670569384
9 0.94348687766500505 0.84588211730002372 0.00930875022521170 0.00564467670569384
9 0.94390727283646625 0.85241901709790779 0.00930875022521170 0.00564467670569384
9 0.94378715993033446 0.85826398878348109 0.00930875022521170 0.00564467670569384
9 0.94408744219566387 0.86350807552941600 0.00930875022521170 0.00564467670569384
9 0.94396732928953220 0.86966259400207579 0.00930875022521170 0.00564467670569384
9 0.94474806317938864 0.87543473114951109 0.00930875022521170 0.00564467670569384
9 0.94558885352231092 0.88189879640925728 0.00930875022521170 0.00564467670569384
9 0.94327668007927457 0.88788943717110658 0.00930875022521170 0.00564467670569384
9 0.47913038255960605 0.91815218776743934 0.00930875022521170 0.00564467670569384
9 0.47877004384121075 0.91165170523862415 0.00930875022521170 0.00564467670569384
9 0.47883010029427664 0.90546076949689547 0.00930875022521170 0.00564467670569384
9 0.47813945108401895 0.89901491287168378 0.00930875022521170 0.00564467670569384
9 0.47840970512281544 0.89364336568400737 0.00930875022521170 0.00564467670569384
9 0.47864993093507896 0.84826744842404267 0.00930875022521170 0.00564467670569384
9 0.47825956399015074 0.83561244742256779 0.00930875022521170 0.00564467670569384
9 0.47807939463095311 0.83002239662047739 0.00930875022521170 0.00564467670569384
9 0.47843973334934836 0.82406817312769720 0.00930875022521170 0.00564467670569384
9 0.47831962044321663 0.81813215826945140 0.00930875022521170 0.00564467670569384
9 0.47822953576361782 0.81212330887306761 0.00930875022521170 0.00564467670569384
9 0.47858987448201307 0.80626012855295981 0.00930875022521170 0.00564467670569384
9 0.47810942285748603 0.80096141590342140 0.00930875022521170 0.00564467670569384
9 0.47786919704522252 0.79500719241064111 0.00930875022521170 0.00564467670569384
9 0.47880007206774367 0.78918042935960231 0.00930875022521170 0.00564467670569384
9 0.47901026965347426 0.78273457273439062 0.00930875022521170 0.00564467670569384
9 0.47892018497387545 0.77661647153079993 0.00930875022521170 0.00564467670569384
9 0.47892018497387545 0.77000673719477775 0.00930875022521170 0.00564467670569384
9 0.47919043901267189 0.76445310366175645 0.00930875022521170 0.00564467670569384
9 0.47958080595760016 0.75791620386387226 0.00930875022521170 0.00564467670569384
9 0.47864993093507896 0.74018099382727287 0.00930875022521170 0.00564467670569384
9 0.47874001561467777 0.73375334583659568 0.00930875022521170 0.00564467670569384
9 0.47880007206774367 0.72761703599847050 0.00930875022521170 0.00564467670569384
9 0.47889015674734248 0.72151714342941420 0.00930875022521170 0.00564467670569384
9 0.47958080595760016 0.71481636592071962 0.00930875022521170 0.00564467670569384
9 0.47925049546573778 0.70926273238769821 0.00930875022521170 0.00564467670569384
9 0.47970091886373190 0.70303537937690053 0.00930875022521170 0.00564467670569384
9 0.47991111644946249 0.69677160909703384 0.00930875022521170 0.00564467670569384
9 0.47970091886373190 0.69087201150785704 0.00930875022521170 0.00564467670569384
9 0.47877004384121075 0.68509987436042175 0.00930875022521170 0.00564467670569384
9 0.47861990270854604 0.67920027677124495 0.00930875022521170 0.00564467670569384
9 0.47886012852080956 0.67269979424242976 0.00930875022521170 0.00564467670569384
9 0.47858987448201307 0.66661811030790796 0.00930875022521170 0.00564467670569384
9 0.47886012852080956 0.63646461151878220 0.00930875022521170 0.00564467670569384
9 0.47880007206774367 0.63091097798576090 0.00930875022521170 0.00564467670569384
9 0.47837967689628252 0.62472004224403210 0.00930875022521170 0.00564467670569384
9 0.48258362861089427 0.57907099546605001 0.00930875022521170 0.00564467670569384
9 0.48195303585370247 0.58426045630838142 0.00930875022521170 0.00564467670569384
9 0.48321422136808601 0.55538156193667032 0.00930875022521170 0.00564467670569384
9 0.48288391087622368 0.54960942478923502 0.00930875022521170 0.00564467670569384
9 0.48309410846195422 0.54370982720005823 0.00930875022521170 0.00564467670569384
9 0.48288391087622368 0.53766456053460554 0.00930875022521170 0.00564467670569384
9 0.48393489880487656 0.51570494728600302 0.00930875022521170 0.00564467670569384
9 0.48393489880487656 0.50967788925508473 0.00930875022521170 0.00564467670569384
9 0.48555642303765539 0.45934922340173712 0.00930875022521170 0.00564467670569384
9 0.48624707224791303 0.45403230211766421 0.00930875022521170 0.00564467670569384
9 0.48627710047444600 0.44858792039184980 0.00930875022521170 0.00564467670569384
9 0.48672752387244012 0.44303428685882845 0.00930875022521170 0.00564467670569384
9 0.48621704402138011 0.43704364609697921 0.00930875022521170 0.00564467670569384
9 0.48633715692751184 0.43147180392942336 0.00930875022521170 0.00564467670569384
9 0.48765839889496126 0.42566324951291901 0.00930875022521170 0.00564467670569384
9 0.48705783436430244 0.41947231377119032 0.00930875022521170 0.00564467670569384
9 0.48738814485616477 0.41391868023816891 0.00930875022521170 0.00564467670569384
9 0.48666746741937422 0.40812833445619912 0.00930875022521170 0.00564467670569384
9 0.48687766500510482 0.40257470092317776 0.00930875022521170 0.00564467670569384
9 0.48642724160711071 0.39651122562319052 0.00930875022521170 0.00564467670569384
9 0.48639721338057773 0.36810575574937637 0.00930875022521170 0.00564467670569384
9 0.48636718515404481 0.34441632221999674 0.00930875022521170 0.00564467670569384
9 0.48696774968470363 0.33895373185964783 0.00930875022521170 0.00564467670569384
9 0.48687766500510482 0.33323622061581604 0.00930875022521170 0.00564467670569384
9 0.48651732628670952 0.32744587483384618 0.00930875022521170 0.00564467670569384
9 0.48693772145817066 0.32154627724466944 0.00930875022521170 0.00564467670569384
9 0.48666746741937422 0.31573772282816509 0.00930875022521170 0.00564467670569384
9 0.48774848357456008 0.30951036981736740 0.00930875022521170 0.00564467670569384
9 0.21596300522491141 0.14279211201951966 0.00840790342922347 0.00509841766965895
9 0.21512221488198907 0.13645550720151495 0.00840790342922347 0.00509841766965895
9 0.21680379556783377 0.12997323330723429 0.00840790342922347 0.00509841766965895
9 0.22091766260284668 0.12416467889072999 0.00840790342922347 0.00509841766965895
9 0.22665305387063839 0.11948505981536445 0.00840790342922347 0.00509841766965895
9 0.23449042099573600 0.11591616744660319 0.00840790342922347 0.00509841766965895
9 0.24202750585550417 0.11320308090096323 0.00840790342922347 0.00509841766965895
9 0.25112605849498526 0.11267503049946284 0.00840790342922347 0.00509841766965895
9 0.25884331271395111 0.11325770680456673 0.00840790342922347 0.00509841766965895
9 0.26731127259624049 0.11442305941477449 0.00840790342922347 0.00509841766965895
9 0.27556903489279921 0.11770061363098382 0.00840790342922347 0.00509841766965895
9 0.28196504714431564 0.12041370017662376 0.00840790342922347 0.00509841766965895
9 0.28737012792024502 0.12467452065769588 0.00840790342922347 0.00509841766965895
9 0.29199447480631796 0.12951801744387190 0.00840790342922347 0.00509841766965895
9 0.29427662002282146 0.13503523370782425 0.00840790342922347 0.00509841766965895
9 0.29487718455348028 0.14035215499189715 0.00840790342922347 0.00509841766965895
9 0.29280523692270732 0.14579653671771153 0.00840790342922347 0.00509841766965895
9 0.68233139150801758 0.15073107667656002 0.00840790342922347 0.00509841766965895
9 0.67692631073208820 0.14665234254083287 0.00840790342922347 0.00509841766965895
9 0.67479430664824935 0.14102587446967352 0.00840790342922347 0.00509841766965895
9 0.67443396792985411 0.13437972286458238 0.00840790342922347 0.00509841766965895
9 0.67686625427902225 0.12873504615888853 0.00840790342922347 0.00509841766965895
9 0.68125037535283162 0.12427393069793696 0.00840790342922347 0.00509841766965895
9 0.68650531499609635 0.11924834756641599 0.00840790342922347 0.00509841766965895
9 0.69320160951294219 0.11584333290846520 0.00840790342922347 0.00509841766965895
9 0.70199987988709389 0.11369471403339464 0.00840790342922347 0.00509841766965895
9 0.71049786799591619 0.11231085780877292 0.00840790342922347 0.00509841766965895
9 0.71962644886193017 0.11283890821027331 0.00840790342922347 0.00509841766965895
9 0.72719356194823137 0.11424097306942953 0.00840790342922347 0.00509841766965895
9 0.73554140892438891 0.11689943371146598 0.00840790342922347 0.00509841766965895
9 0.74343883250255238 0.12090533330905516 0.00840790342922347 0.00509841766965895
9 0.74878385682541593 0.12565778692255869 0.00840790342922347 0.00509841766965895
9 0.75193682061137468 0.13135708953185601 0.00840790342922347 0.00509841766965895
9 0.75223710287670409 0.13712922667929131 0.00840790342922347 0.00509841766965895
9 0.75103597381538645 0.14253719113603672 0.00840790342922347 0.00509841766965895
13 0.63428622905531196 0.79258544401755315 0.00540508077592937 0.00327755421620933
13 0.63086301123055677 0.79446093337460622 0.00540508077592937 0.00327755421620933
13 0.62680920064860968 0.79568091188841750 0.00540508077592937 0.00327755421620933
13 0.61353672452104979 0.79101950144758648 0.00540508077592937 0.00327755421620933
13 0.61542850279262507 0.79304065988091554 0.00540508077592937 0.00327755421620933
13 0.58816287310071469 0.79823012072324695 0.00540508077592937 0.00327755421620933
13 0.59248693772145822 0.79923159562264423 0.00540508077592937 0.00327755421620933
13 0.59678097411566877 0.80085216409621440 0.00540508077592937 0.00327755421620933
13 0.59996396612816050 0.80225422895537069 0.00540508077592937 0.00327755421620933
13 0.60455828478770046 0.80436643056137225 0.00540508077592937 0.00327755421620933
13 0.61284607531079216 0.80676997031992570 0.00540508077592937 0.00327755421620933
13 0.62437691429944142 0.82763706549645844 0.00540508077592937 0.00327755421620933
13 0.62227493844213566 0.82432309401118009 0.00540508077592937 0.00327755421620933
13 0.62191459972374030 0.82062674120067736 0.00540508077592937 0.00327755421620933
13 0.62440694252597440 0.81669367614122612 0.00540508077592937 0.00327755421620933
13 0.62761996276499910 0.81407163276825867 0.00540508077592937 0.00327755421620933
13 0.63392589033691671 0.81170451027877422 0.00540508077592937 0.00327755421620933
13 0.63984145096390610 0.81124929441541183 0.00540508077592937 0.00327755421620933
13 0.64623746321542253 0.81154063256796372 0.00540508077592937 0.00327755421620933
13 0.65503573358957423 0.81541907172381145 0.00540508077592937 0.00327755421620933
13 0.58822292955378053 0.54929987800214863 0.00540508077592937 0.00327755421620933
13 0.58380878025343819 0.54766110089404396 0.00540508077592937 0.00327755421620933
13 0.57951474385922763 0.54662320872557768 0.00540508077592937 0.00327755421620933
13 0.57654194943246651 0.54447458985050712 0.00540508077592937 0.00327755421620933
13 0.57344904209957359 0.54130628744150477 0.00540508077592937 0.00327755421620933
13 0.57128700978920188 0.53828365410877843 0.00540508077592937 0.00327755421620933
13 0.57296859047504656 0.53489684808536209 0.00540508077592937 0.00327755421620933
13 0.57498048165275362 0.53161929386915274 0.00540508077592937 0.00327755421620933
13 0.57894420755510179 0.52910650230339229 0.00540508077592937 0.00327755421620933
13 0.58353852621464175 0.52752235109889112 0.00540508077592937 0.00327755421620933
13 0.58930394570896638 0.52673937981390773 0.00540508077592937 0.00327755421620933
13 0.59515944988288993 0.52666654527576973 0.00540508077592937 0.00327755421620933
13 0.60023422016695693 0.52859666053642640 0.00540508077592937 0.00327755421620933
13 0.27109482913939104 0.39392559951929207 0.00540508077592937 0.00327755421620933
13 0.27403759533961924 0.39057521076494472 0.00540508077592937 0.00327755421620933
13 0.27884211158488981 0.38837196598627066 0.00540508077592937 0.00327755421620933
13 0.28427722058735211 0.38691527522351099 0.00540508077592937 0.00327755421620933
13 0.29007266830820971 0.38649647662921760 0.00540508077592937 0.00327755421620933
13 0.29562789021680380 0.38786212421930477 0.00540508077592937 0.00327755421620933
13 0.30127319680499670 0.39033849851599628 0.00540508077592937 0.00327755421620933
13 0.30442616059095551 0.39388918225022307 0.00540508077592937 0.00327755421620933
13 0.30556723319920726 0.39789508184781225 0.00540508077592937 0.00327755421620933
13 0.30457630172362021 0.40148218285110798 0.00540508077592937 0.00327755421620933
13 0.30139330971112849 0.40472331979824833 0.00540508077592937 0.00327755421620933
13 0.29619842652092965 0.40674447823157739 0.00540508077592937 0.00327755421620933
13 0.32922947570716471 0.72459440266574404 0.00540508077592937 0.00327755421620933
13 0.32925950393369768 0.72153535206394870 0.00540508077592937 0.00327755421620933
13 0.32715752807639181 0.71833063238587735 0.00540508077592937 0.00327755421620933
13 0.32307368926791186 0.71565396310930640 0.00540508077592937 0.00327755421620933
13 0.31781874962464718 0.71319579744714945 0.00540508077592937 0.00327755421620933
13 0.31163293495886135 0.71288625066006295 0.00540508077592937 0.00327755421620933
13 0.30670830580745900 0.71343250969609784 0.00540508077592937 0.00327755421620933
13 0.30175364842952374 0.71456144503723662 0.00540508077592937 0.00327755421620933
13 0.29769983784757670 0.71698319343032468 0.00540508077592937 0.00327755421620933
13 0.29517746681880969 0.72022433037746503 0.00540508077592937 0.00327755421620933
13 0.29400636598402496 0.72333800688286387 0.00540508077592937 0.00327755421620933
13 0.29508738213921087 0.72646989202279721 0.00540508077592937 0.00327755421620933
13 0.29613837006786381 0.72923760447204067 0.00540508077592937 0.00327755421620933
13 0.29917122094769083 0.73125876290536973 0.00540508077592937 0.00327755421620933
