4 0.16730219256434700 0.63169734712353576 0.00696634157072670 0.00521247702394996
4 0.15908924250201656 0.63059998353954627 0.00696634157072670 0.00521247702394996
4 0.15043631297206131 0.63109379715234148 0.00696634157072670 0.00521247702394996
4 0.14156339370829360 0.63084689034594388 0.00696634157072670 0.00521247702394996
4 0.13324044877905697 0.63120353351074043 0.00696634157072670 0.00521247702394996
4 0.12396421500329985 0.63092919261474312 0.00696634157072670 0.00521247702394996
4 0.11182811468798123 0.62692381553318155 0.00696634157072670 0.00521247702394996
4 0.11113148053090856 0.60862527777015718 0.00696634157072670 0.00521247702394996
4 0.11146146513162719 0.60275438259581360 0.00696634157072670 0.00521247702394996
4 0.11164478990980421 0.59671888288387154 0.00696634157072670 0.00521247702394996
4 0.11208476937742905 0.57787166332885243 0.00696634157072670 0.00521247702394996
4 0.11058150619637751 0.57241227949850482 0.00696634157072670 0.00521247702394996
4 0.11120481044217936 0.56645908205536200 0.00696634157072670 0.00521247702394996
4 0.11127814035345017 0.56039614825382023 0.00696634157072670 0.00521247702394996
4 0.11171811982107502 0.55394913719788208 0.00696634157072670 0.00521247702394996
4 0.11204810442179365 0.54777646703794136 0.00696634157072670 0.00521247702394996
4 0.11223142919997067 0.54138432416120275 0.00696634157072670 0.00521247702394996
4 0.11234142406687687 0.53581520397245619 0.00696634157072670 0.00521247702394996
4 0.11289139840140794 0.52961509972291565 0.00696634157072670 0.00521247702394996
4 0.11289139840140794 0.52275657732298153 0.00696634157072670 0.00521247702394996
4 0.11259807875632470 0.51584318674384788 0.00696634157072670 0.00521247702394996
4 0.11234142406687687 0.50923157115031137 0.00696634157072670 0.00521247702394996
4 0.11234142406687687 0.50261995555677486 0.00696634157072670 0.00521247702394996
4 0.11168145486543961 0.49707826945762806 0.00696634157072670 0.00521247702394996
4 0.11223142919997067 0.49063125840168992 0.00696634157072670 0.00521247702394996
4 0.11204810442179365 0.48514444048174260 0.00696634157072670 0.00521247702394996
4 0.11212143433306446 0.47913637485940030 0.00696634157072670 0.00521247702394996
4 0.11241475397814768 0.47293627060985982 0.00696634157072670 0.00521247702394996
4 0.11212143433306446 0.46643439137472226 0.00696634157072670 0.00521247702394996
4 0.11175478477671041 0.46061836437957804 0.00696634157072670 0.00521247702394996
4 0.11245141893378309 0.45455543057803627 0.00696634157072670 0.00521247702394996
4 0.11314805309085577 0.44835532632849578 0.00696634157072670 0.00521247702394996
4 0.11318471804649116 0.43603742009821406 0.00696634157072670 0.00521247702394996
4 0.11289139840140794 0.42975501357987433 0.00696634157072670 0.00521247702394996
4 0.11314805309085577 0.42275932073194150 0.00696634157072670 0.00521247702394996
4 0.11267140866759551 0.41669638693039973 0.00696634157072670 0.00521247702394996
4 0.11329471291339738 0.41066088721845767 0.00696634157072670 0.00521247702394996
4 0.11355136760284520 0.40407670571452087 0.00696634157072670 0.00521247702394996
4 0.11366136246975141 0.39801377191297904 0.00696634157072670 0.00521247702394996
4 0.11333137786903277 0.39167649721543990 0.00696634157072670 0.00521247702394996
4 0.11391801715919923 0.38525692024910152 0.00696634157072670 0.00521247702394996
4 0.11421133680428247 0.36651943705248141 0.00696634157072670 0.00521247702394996
4 0.11542128034025079 0.36001755781734385 0.00696634157072670 0.00521247702394996
4 0.11490797096135513 0.35354311267180599 0.00696634157072670 0.00521247702394996
4 0.11505463078389676 0.34728814024306603 0.00696634157072670 0.00521247702394996
4 0.11501796582826135 0.34111547008312532 0.00696634157072670 0.00521247702394996
4 0.11494463591699054 0.33483306356478559 0.00696634157072670 0.00521247702394996
4 0.11505463078389676 0.32778250253765329 0.00696634157072670 0.00521247702394996
4 0.11523795556207377 0.32144522784011414 0.00696634157072670 0.00521247702394996
4 0.11520129060643837 0.31524512359057366 0.00696634157072670 0.00521247702394996
4 0.11531128547334457 0.30822199665304106 0.00696634157072670 0.00521247702394996
4 0.11571459998533402 0.30108913335710952 0.00696634157072670 0.00521247702394996
4 0.11509129573953215 0.29401113824037750 0.00696634157072670 0.00521247702394996
4 0.11567793502969861 0.28742695673644070 0.00696634157072670 0.00521247702394996
4 0.11527462051770918 0.27977284573811417 0.00696634157072670 0.00521247702394996
4 0.11707120334384395 0.26506817371265534 0.00696634157072670 0.00521247702394996
4 0.11714453325511476 0.25873089901511620 0.00696634157072670 0.00521247702394996
4 0.11644789909804210 0.24611121779923734 0.00696634157072670 0.00521247702394996
4 0.11652122900931290 0.23936243175770211 0.00696634157072670 0.00521247702394996
4 0.11630123927550047 0.23299772297056323 0.00696634157072670 0.00521247702394996
4 0.11707120334384395 0.22550821650983513 0.00696634157072670 0.00521247702394996
4 0.11692454352130234 0.21911607363309649 0.00696634157072670 0.00521247702394996
4 0.11729119307765637 0.21269649666675811 0.00696634157072670 0.00521247702394996
4 0.11674121874312532 0.20688046967161394 0.00696634157072670 0.00521247702394996
4 0.11622790936422966 0.19963787001728348 0.00696634157072670 0.00521247702394996
4 0.11600791963041725 0.19346519985734273 0.00696634157072670 0.00521247702394996
4 0.11611791449732346 0.18723766151820251 0.00696634157072670 0.00521247702394996
4 0.11523795556207377 0.18070834819346521 0.00696634157072670 0.00521247702394996
4 0.11531128547334457 0.17470028257112288 0.00696634157072670 0.00521247702394996
4 0.11553127520715700 0.16915859647197606 0.00696634157072670 0.00521247702394996
4 0.11457798636063650 0.16268415132643824 0.00696634157072670 0.00521247702394996
4 0.11454132140500110 0.15601766755370222 0.00696634157072670 0.00521247702394996
4 0.11439466158245949 0.14899454061616965 0.00696634157072670 0.00521247702394996
4 0.11483464105008433 0.14166963869303997 0.00696634157072670 0.00521247702394996
4 0.11498130087262594 0.13577130942909660 0.00696634157072670 0.00521247702394996
4 0.11545794529588620 0.12951633700035664 0.00696634157072670 0.00521247702394996
4 0.11520129060643837 0.12367287591561274 0.00696634157072670 0.00521247702394996
4 0.11520129060643837 0.11744533757647252 0.00696634157072670 0.00521247702394996
4 0.11626457431986507 0.11086115607253573 0.00696634157072670 0.00521247702394996
4 0.11626457431986507 0.10413980412060025 0.00696634157072670 0.00521247702394996
4 0.11531128547334457 0.09824147485665688 0.00696634157072670 0.00521247702394996
4 0.11556794016279240 0.09135551836712298 0.00696634157072670 0.00521247702394996
4 0.11666788883185451 0.08606073907437382 0.00696634157072670 0.00521247702394996
4 0.11707120334384395 0.07950399166003676 0.00696634157072670 0.00521247702394996
4 0.11718119821075017 0.07379770102329154 0.00696634157072670 0.00521247702394996
4 0.11641123414240669 0.06770733313215001 0.00696634157072670 0.00521247702394996
4 0.11703453838820856 0.06153466297220927 0.00696634157072670 0.00521247702394996
4 0.11696120847693774 0.05462127239307563 0.00696634157072670 0.00521247702394996
4 0.11633790423113588 0.04899728402512962 0.00696634157072670 0.00521247702394996
4 0.11659455892058371 0.04323612520918493 0.00696634157072670 0.00521247702394996
4 0.11582459485224023 0.03591122328605525 0.00696634157072670 0.00521247702394996
4 0.11655789396494830 0.02976598721571425 0.00696634157072670 0.00521247702394996
4 0.11663122387621910 0.02403226248936929 0.00696634157072670 0.00521247702394996
4 0.11729119307765637 0.01827110367342460 0.00696634157072670 0.00521247702394996
4 0.11707120334384395 0.01149488354228965 0.00696634157072670 0.00521247702394996
4 0.11758451272273961 0.00614523607034101 0.00696634157072670 0.00521247702394996
4 0.87409254234802380 0.00362129982716524 0.00696634157072670 0.00521247702394996
4 0.87409254234802380 0.01045238813749966 0.00696634157072670 0.00521247702394996
4 0.87379922270294053 0.01689939919343776 0.00696634157072670 0.00521247702394996
4 0.87350590305785725 0.02277029436778141 0.00696634157072670 0.00521247702394996
4 0.87390921756984674 0.02990315766371293 0.00696634157072670 0.00521247702394996
4 0.87313925350150323 0.03635016871965104 0.00696634157072670 0.00521247702394996
4 0.87266260907824300 0.04263257523799073 0.00696634157072670 0.00521247702394996
4 0.87306592359023250 0.04960083399632383 0.00696634157072670 0.00521247702394996
4 0.87317591845713871 0.05511508600587089 0.00696634157072670 0.00521247702394996
4 0.87288259881205543 0.06180900386820663 0.00696634157072670 0.00521247702394996
4 0.87240595438879520 0.06814627856574580 0.00696634157072670 0.00521247702394996
4 0.87225929456625362 0.07440125099448575 0.00696634157072670 0.00521247702394996
4 0.87240595438879520 0.07975089846643439 0.00696634157072670 0.00521247702394996
4 0.87178265014299328 0.08619790952237250 0.00696634157072670 0.00521247702394996
4 0.87203930483244119 0.09311130010150613 0.00696634157072670 0.00521247702394996
4 0.87185598005426412 0.09936627253024609 0.00696634157072670 0.00521247702394996
4 0.87174598518735791 0.10638939946777866 0.00696634157072670 0.00521247702394996
4 0.87148933049791011 0.11250720144851993 0.00696634157072670 0.00521247702394996
4 0.87167265527608706 0.11917368522125593 0.00696634157072670 0.00521247702394996
4 0.87053604165138965 0.12477023949960221 0.00696634157072670 0.00521247702394996
4 0.87174598518735791 0.13099777783874242 0.00696634157072670 0.00521247702394996
4 0.87046271174011880 0.13722531617788264 0.00696634157072670 0.00521247702394996
4 0.86991273740558772 0.14391923404021836 0.00696634157072670 0.00521247702394996
4 0.86987607244995235 0.14968039285616308 0.00696634157072670 0.00521247702394996
4 0.86958275280486907 0.15667608570409591 0.00696634157072670 0.00521247702394996
4 0.86822614944635912 0.17409673259992867 0.00696634157072670 0.00521247702394996
4 0.86866612891398398 0.18092782091026310 0.00696634157072670 0.00521247702394996
4 0.86950942289359834 0.18748456832460014 0.00696634157072670 0.00521247702394996
4 0.86906944342597348 0.19428822254533484 0.00696634157072670 0.00521247702394996
4 0.86917943829287969 0.19925379276288716 0.00696634157072670 0.00521247702394996
4 0.86881278873652568 0.20460344023483581 0.00696634157072670 0.00521247702394996
4 0.86848280413580703 0.21066637403637761 0.00696634157072670 0.00521247702394996
4 0.86914277333724421 0.21733285780911360 0.00696634157072670 0.00521247702394996
4 0.86925276820415043 0.22323118707305697 0.00696634157072670 0.00521247702394996
4 0.86928943315978591 0.22951359359139667 0.00696634157072670 0.00521247702394996
4 0.86910610838160884 0.23579600010973636 0.00696634157072670 0.00521247702394996
4 0.86961941776050455 0.24163946119448027 0.00696634157072670 0.00521247702394996
4 0.86888611864779641 0.24852541768401415 0.00696634157072670 0.00521247702394996
4 0.86859279900271325 0.25489012647115306 0.00696634157072670 0.00521247702394996
4 0.86921610324851506 0.26098049436229459 0.00696634157072670 0.00521247702394996
4 0.86837280926890081 0.26789388494142824 0.00696634157072670 0.00521247702394996
4 0.86774950502309889 0.27456036871416423 0.00696634157072670 0.00521247702394996
4 0.86727286059983866 0.28246138651888836 0.00696634157072670 0.00521247702394996
4 0.86789616484564058 0.28926504073962306 0.00696634157072670 0.00521247702394996
4 0.86730952555547403 0.29782447669474088 0.00696634157072670 0.00521247702394996
4 0.86844613918017155 0.30558832405146635 0.00696634157072670 0.00521247702394996
4 0.86921610324851506 0.31187073056980602 0.00696634157072670 0.00521247702394996
4 0.86881278873652568 0.31908589613453675 0.00696634157072670 0.00521247702394996
4 0.86925276820415043 0.32509396175687910 0.00696634157072670 0.00521247702394996
4 0.86749285033365109 0.33195248415681328 0.00696634157072670 0.00521247702394996
4 0.86859279900271325 0.33831719294395213 0.00696634157072670 0.00521247702394996
4 0.86881278873652568 0.34564209486708186 0.00696634157072670 0.00521247702394996
4 0.86807948962381754 0.35175989684782311 0.00696634157072670 0.00521247702394996
4 0.86903277847033800 0.35911223286055255 0.00696634157072670 0.00521247702394996
4 0.86947275793796286 0.36638226660448275 0.00696634157072670 0.00521247702394996
4 0.86925276820415043 0.37373460261721214 0.00696634157072670 0.00521247702394996
4 0.86811615457945301 0.38682066335628651 0.00696634157072670 0.00521247702394996
4 0.86862946395834861 0.39282872897862886 0.00696634157072670 0.00521247702394996
4 0.86862946395834861 0.39878192642177168 0.00696634157072670 0.00521247702394996
4 0.86965608271613992 0.40564044882170586 0.00696634157072670 0.00521247702394996
4 0.86921610324851506 0.41192285534004552 0.00696634157072670 0.00521247702394996
4 0.86980274253868151 0.41812295958958601 0.00696634157072670 0.00521247702394996
4 0.87031605191757722 0.42451510246632468 0.00696634157072670 0.00521247702394996
4 0.87064603651829586 0.42986474993827328 0.00696634157072670 0.00521247702394996
4 0.87035271687321258 0.43472058379742667 0.00696634157072670 0.00521247702394996
4 0.87009606218376478 0.43911003813338456 0.00696634157072670 0.00521247702394996
4 0.87013272713940015 0.44443225151573346 0.00696634157072670 0.00521247702394996
4 0.86954608784923371 0.44991906943568077 0.00696634157072670 0.00521247702394996
4 0.86947275793796286 0.45485720556363335 0.00696634157072670 0.00521247702394996
4 0.86906944342597348 0.45987764396038516 0.00696634157072670 0.00521247702394996
4 0.86848280413580703 0.46415736193794410 0.00696634157072670 0.00521247702394996
4 0.86859279900271325 0.46876628899069983 0.00696634157072670 0.00521247702394996
4 0.86848280413580703 0.47343008422265509 0.00696634157072670 0.00521247702394996
4 0.86837280926890081 0.47858769306740556 0.00696634157072670 0.00521247702394996
4 0.86877612378089020 0.48443115415214943 0.00696634157072670 0.00521247702394996
4 0.86851946909144240 0.48994540616169652 0.00696634157072670 0.00521247702394996
4 0.86903277847033800 0.49636498312803490 0.00696634157072670 0.00521247702394996
4 0.86833614431326533 0.50086417382239168 0.00696634157072670 0.00521247702394996
4 0.86877612378089020 0.50624125538394005 0.00696634157072670 0.00521247702394996
4 0.86851946909144240 0.51205728237908421 0.00696634157072670 0.00521247702394996
4 0.86851946909144240 0.51781844119502896 0.00696634157072670 0.00521247702394996
4 0.86778616997873437 0.52346986365257464 0.00696634157072670 0.00521247702394996
4 0.86811615457945301 0.52876464294532388 0.00696634157072670 0.00521247702394996
4 0.86771284006746352 0.53397711996927377 0.00696634157072670 0.00521247702394996
4 0.86745618537801572 0.53842144248443113 0.00696634157072670 0.00521247702394996
4 0.86877612378089020 0.54434720583797425 0.00696634157072670 0.00521247702394996
4 0.86826281440199460 0.54964198513072349 0.00696634157072670 0.00521247702394996
4 0.86873945882525483 0.55540314394666812 0.00696634157072670 0.00521247702394996
4 0.86829947935762997 0.56124660503141199 0.00696634157072670 0.00521247702394996
4 0.86807948962381754 0.56717236838495511 0.00696634157072670 0.00521247702394996
4 0.86811615457945301 0.57320786809689717 0.00696634157072670 0.00521247702394996
4 0.86760284520055730 0.59205508765191628 0.00696634157072670 0.00521247702394996
4 0.86727286059983866 0.59702065786946856 0.00696634157072670 0.00521247702394996
4 0.86727286059983866 0.60184905763902230 0.00696634157072670 0.00521247702394996
4 0.86734619051110950 0.60733587555896962 0.00696634157072670 0.00521247702394996
4 0.86686954608784927 0.61402979342130526 0.00696634157072670 0.00521247702394996
4 0.86778616997873437 0.61979095223725000 0.00696634157072670 0.00521247702394996
4 0.86224976167778833 0.62129982716523557 0.00696634157072670 0.00521247702394996
4 0.85378015692601017 0.62190337713642974 0.00696634157072670 0.00521247702394996
4 0.84468724792842997 0.62127239307563575 0.00696634157072670 0.00521247702394996
2 0.16385568673461906 0.63509917423390305 0.00879958935249688 0.00658418150393679
2 0.15450612304759112 0.63518147650270229 0.00879958935249688 0.00658418150393679
2 0.14629317298526068 0.63482483333790574 0.00879958935249688 0.00658418150393679
2 0.13742025372149300 0.63435845381471012 0.00879958935249688 0.00658418150393679
2 0.12869399428026693 0.63422128336671146 0.00879958935249688 0.00658418150393679
2 0.11945442546014519 0.63438588790430994 0.00879958935249688 0.00658418150393679
2 0.10728166018919118 0.63600449919069435 0.00879958935249688 0.00658418150393679
2 0.10764830974554521 0.62936544950755813 0.00879958935249688 0.00658418150393679
2 0.10797829434626384 0.62324764752681683 0.00879958935249688 0.00658418150393679
2 0.10783163452372223 0.61702010918767658 0.00879958935249688 0.00658418150393679
2 0.10779496956808682 0.61092974129653510 0.00879958935249688 0.00658418150393679
2 0.10783163452372223 0.60497654385339228 0.00879958935249688 0.00658418150393679
2 0.10764830974554521 0.59888617596225069 0.00879958935249688 0.00658418150393679
2 0.10753831487863899 0.59205508765191628 0.00879958935249688 0.00658418150393679
2 0.10687834567720172 0.58640366519437048 0.00879958935249688 0.00658418150393679
2 0.10808828921317006 0.58056020410962661 0.00879958935249688 0.00658418150393679
2 0.10757497983427440 0.57471674302488274 0.00879958935249688 0.00658418150393679
2 0.10761164478990981 0.56884584785053904 0.00879958935249688 0.00658418150393679
2 0.10684168072156633 0.56226166634660224 0.00879958935249688 0.00658418150393679
2 0.10768497470118062 0.55586952346986362 0.00879958935249688 0.00658418150393679
2 0.10827161399134708 0.54986145784752138 0.00879958935249688 0.00658418150393679
2 0.10878492337024272 0.54368878768758055 0.00879958935249688 0.00658418150393679
2 0.10786829947935762 0.53768072206523831 0.00879958935249688 0.00658418150393679
2 0.10845493876952408 0.53126114509889988 0.00879958935249688 0.00658418150393679
2 0.10845493876952408 0.52448492496776500 0.00879958935249688 0.00658418150393679
2 0.10882158832587813 0.51803791391182685 0.00879958935249688 0.00658418150393679
2 0.10849160372515949 0.51156346876628900 0.00879958935249688 0.00658418150393679
2 0.10739165505609738 0.50492441908315278 0.00879958935249688 0.00658418150393679
2 0.10856493363643030 0.49919069435680780 0.00879958935249688 0.00658418150393679
2 0.10753831487863899 0.49326493100326468 0.00879958935249688 0.00658418150393679
2 0.10779496956808682 0.48744890400812046 0.00879958935249688 0.00658418150393679
2 0.10742832001173279 0.48122136566898027 0.00879958935249688 0.00658418150393679
2 0.10816161912444086 0.47480178870264189 0.00879958935249688 0.00658418150393679
2 0.10687834567720172 0.46857425036350170 0.00879958935249688 0.00658418150393679
2 0.10896824814841974 0.46259361883075911 0.00879958935249688 0.00658418150393679
2 0.10761164478990981 0.45633864640201915 0.00879958935249688 0.00658418150393679
2 0.10768497470118062 0.45027571260047733 0.00879958935249688 0.00658418150393679
2 0.10834494390261788 0.44391100381333848 0.00879958935249688 0.00658418150393679
2 0.10794162939062844 0.43735425639900138 0.00879958935249688 0.00658418150393679
2 0.10926156779350298 0.43162053167265646 0.00879958935249688 0.00658418150393679
2 0.10808828921317006 0.42544786151271569 0.00879958935249688 0.00658418150393679
2 0.10885825328151352 0.41902828454637731 0.00879958935249688 0.00658418150393679
2 0.10808828921317006 0.41258127349043922 0.00879958935249688 0.00658418150393679
2 0.10856493363643030 0.40638116924089873 0.00879958935249688 0.00658418150393679
2 0.10907824301532595 0.40015363090175854 0.00879958935249688 0.00658418150393679
2 0.10926156779350298 0.39348714712902250 0.00879958935249688 0.00658418150393679
2 0.10889491823714893 0.38761625195467886 0.00879958935249688 0.00658418150393679
2 0.10827161399134708 0.38105950454034182 0.00879958935249688 0.00658418150393679
2 0.10973821221676322 0.37474966393240239 0.00879958935249688 0.00658418150393679
2 0.10783163452372223 0.36852212559326220 0.00879958935249688 0.00658418150393679
2 0.10900491310405515 0.36240432361252090 0.00879958935249688 0.00658418150393679
2 0.10959155239422161 0.35603961482538204 0.00879958935249688 0.00658418150393679
2 0.10937156266040918 0.34978464239664209 0.00879958935249688 0.00658418150393679
2 0.10911490797096135 0.34325532907190476 0.00879958935249688 0.00658418150393679
2 0.10915157292659676 0.33675344983676719 0.00879958935249688 0.00658418150393679
2 0.11014152672875266 0.33005953197443144 0.00879958935249688 0.00658418150393679
2 0.10995820195057564 0.32336561411209569 0.00879958935249688 0.00658418150393679
2 0.10948155752731539 0.31658939398096075 0.00879958935249688 0.00658418150393679
2 0.10940822761604459 0.31016981701462237 0.00879958935249688 0.00658418150393679
2 0.11113148053090856 0.30320155825628925 0.00879958935249688 0.00658418150393679
2 0.11083816088582533 0.30317412416668954 0.00879958935249688 0.00658418150393679
2 0.10981154212803403 0.29615099722915694 0.00879958935249688 0.00658418150393679
2 0.11054484124074210 0.28879866121642755 0.00879958935249688 0.00658418150393679
2 0.11080149593018992 0.27538339140215634 0.00879958935249688 0.00658418150393679
2 0.11109481557527315 0.26808592356862637 0.00879958935249688 0.00658418150393679
2 0.11102148566400234 0.26125483525829196 0.00879958935249688 0.00658418150393679
2 0.11105815061963775 0.25461578557515568 0.00879958935249688 0.00658418150393679
2 0.11109481557527315 0.24830594496721625 0.00879958935249688 0.00658418150393679
2 0.11105815061963775 0.24150229074648158 0.00879958935249688 0.00658418150393679
2 0.11098482070836695 0.23458890016734796 0.00879958935249688 0.00658418150393679
2 0.11116814548654397 0.22723656415461854 0.00879958935249688 0.00658418150393679
2 0.11131480530908558 0.22122849853227622 0.00879958935249688 0.00658418150393679
2 0.11102148566400234 0.21469918520753889 0.00879958935249688 0.00658418150393679
2 0.11142480017599178 0.20877342185399578 0.00879958935249688 0.00658418150393679
2 0.10984820708366942 0.20216180626045924 0.00879958935249688 0.00658418150393679
2 0.11021485664002346 0.19590683383171931 0.00879958935249688 0.00658418150393679
2 0.11080149593018992 0.18978903185097803 0.00879958935249688 0.00658418150393679
2 0.11120481044217936 0.18372609804943624 0.00879958935249688 0.00658418150393679
2 0.11047151132947129 0.17749855971029602 0.00879958935249688 0.00658418150393679
2 0.10984820708366942 0.17096924638555869 0.00879958935249688 0.00658418150393679
2 0.10955488743858620 0.16476914213601820 0.00879958935249688 0.00658418150393679
2 0.11003153186184644 0.15884337878247509 0.00879958935249688 0.00658418150393679
2 0.10948155752731539 0.15173794957614331 0.00879958935249688 0.00658418150393679
2 0.11039818141820049 0.14482455899700969 0.00879958935249688 0.00658418150393679
2 0.11010486177311725 0.13832267976187210 0.00879958935249688 0.00658418150393679
2 0.11054484124074210 0.13231461413952977 0.00879958935249688 0.00658418150393679
2 0.11138813522035639 0.12597733944199060 0.00879958935249688 0.00658418150393679
2 0.11087482584146073 0.12007901017804724 0.00879958935249688 0.00658418150393679
2 0.11043484637383588 0.11357713094290967 0.00879958935249688 0.00658418150393679
2 0.11080149593018992 0.10723985624537050 0.00879958935249688 0.00658418150393679
2 0.11003153186184644 0.10027159748703739 0.00879958935249688 0.00658418150393679
2 0.11094815575273154 0.09398919096869771 0.00879958935249688 0.00658418150393679
2 0.11080149593018992 0.08798112534635538 0.00879958935249688 0.00658418150393679
2 0.11153479504289800 0.08208279608241201 0.00879958935249688 0.00658418150393679
2 0.11164478990980421 0.07593756001207100 0.00879958935249688 0.00658418150393679
2 0.11204810442179365 0.06929851032893473 0.00879958935249688 0.00658418150393679
2 0.11179144973234582 0.06364708787138899 0.00879958935249688 0.00658418150393679
2 0.11142480017599178 0.05714520863625141 0.00879958935249688 0.00658418150393679
2 0.11109481557527315 0.05113714301390909 0.00879958935249688 0.00658418150393679
2 0.11116814548654397 0.04551315464596307 0.00879958935249688 0.00658418150393679
2 0.11131480530908558 0.03796878000603550 0.00879958935249688 0.00658418150393679
2 0.11190144459925204 0.03212531892129160 0.00879958935249688 0.00658418150393679
2 0.11080149593018992 0.02619955556774848 0.00879958935249688 0.00658418150393679
2 0.11061817115201290 0.02010918767660695 0.00879958935249688 0.00658418150393679
2 0.11149813008726260 0.01432059477106252 0.00879958935249688 0.00658418150393679
2 0.11215809928869987 0.00825766096952073 0.00879958935249688 0.00658418150393679
2 0.87775903791156418 0.00696825875833310 0.00879958935249688 0.00658418150393679
2 0.87812568746791819 0.01305862664947464 0.00879958935249688 0.00658418150393679
2 0.87889565153626159 0.01956050588461222 0.00879958935249688 0.00658418150393679
2 0.87827234729045978 0.02581547831335217 0.00879958935249688 0.00658418150393679
2 0.87812568746791819 0.03297577569888343 0.00879958935249688 0.00658418150393679
2 0.87739238835521005 0.03955995720282023 0.00879958935249688 0.00658418150393679
2 0.87761237808902248 0.04597953416915860 0.00879958935249688 0.00658418150393679
2 0.87739238835521005 0.05256371567309539 0.00879958935249688 0.00658418150393679
2 0.87717239862139762 0.05854434720583798 0.00879958935249688 0.00658418150393679
2 0.87731905844393931 0.06518339688897425 0.00879958935249688 0.00658418150393679
2 0.87761237808902248 0.07116402842171682 0.00879958935249688 0.00658418150393679
2 0.87658575933123117 0.07708979177525994 0.00879958935249688 0.00658418150393679
2 0.87647576446432496 0.08312529148720199 0.00879958935249688 0.00658418150393679
2 0.87570580039598156 0.08957230254314011 0.00879958935249688 0.00658418150393679
2 0.87566913544034608 0.09629365449507558 0.00879958935249688 0.00658418150393679
2 0.87585246021852314 0.10252119283421579 0.00879958935249688 0.00658418150393679
2 0.87647576446432496 0.10907794024855286 0.00879958935249688 0.00658418150393679
2 0.87698907384322067 0.11552495130449096 0.00879958935249688 0.00658418150393679
2 0.87592579012979399 0.12150558283723355 0.00879958935249688 0.00658418150393679
2 0.87654909437559581 0.12784285753477270 0.00879958935249688 0.00658418150393679
2 0.87515582606145048 0.13368631861951660 0.00879958935249688 0.00658418150393679
2 0.87471584659382562 0.14007846149625525 0.00879958935249688 0.00658418150393679
2 0.87533915083962743 0.14658034073139284 0.00879958935249688 0.00658418150393679
2 0.87522915597272122 0.15223176318893858 0.00879958935249688 0.00658418150393679
2 0.87456918677128404 0.15843186743847906 0.00879958935249688 0.00658418150393679
2 0.87423920217056539 0.16419302625442375 0.00879958935249688 0.00658418150393679
2 0.87288259881205543 0.17044799868316371 0.00879958935249688 0.00658418150393679
2 0.87335924323531566 0.17700474609750075 0.00879958935249688 0.00658418150393679
2 0.87379922270294053 0.18358892760143755 0.00879958935249688 0.00658418150393679
2 0.87387255261421137 0.19014567501577459 0.00879958935249688 0.00658418150393679
2 0.87299259367896165 0.19623604290691612 0.00879958935249688 0.00658418150393679
2 0.87284593385642006 0.20229897670845792 0.00879958935249688 0.00658418150393679
2 0.87291926376769080 0.20825217415160077 0.00879958935249688 0.00658418150393679
2 0.87277260394514922 0.21398589887794572 0.00879958935249688 0.00658418150393679
2 0.87299259367896165 0.22026830539628542 0.00879958935249688 0.00658418150393679
2 0.87251594925570142 0.23310745932896218 0.00879958935249688 0.00658418150393679
2 0.87335924323531566 0.23889605223450661 0.00879958935249688 0.00658418150393679
2 0.87310258854586786 0.24531562920084496 0.00879958935249688 0.00658418150393679
2 0.87200263987680571 0.25198211297358097 0.00879958935249688 0.00658418150393679
2 0.87269927403387837 0.25851142629831830 0.00879958935249688 0.00658418150393679
2 0.87273593898951385 0.26512304189185482 0.00879958935249688 0.00658418150393679
2 0.87277260394514922 0.27159748703739267 0.00879958935249688 0.00658418150393679
2 0.87321258341277408 0.27845600943732685 0.00879958935249688 0.00658418150393679
2 0.87255261421133679 0.28525966365806149 0.00879958935249688 0.00658418150393679
2 0.87185598005426412 0.29258456558119117 0.00879958935249688 0.00658418150393679
2 0.87273593898951385 0.29905901072672902 0.00879958935249688 0.00658418150393679
2 0.87255261421133679 0.30621930811226028 0.00879958935249688 0.00658418150393679
2 0.87357923296912809 0.31337960549779154 0.00879958935249688 0.00658418150393679
2 0.87357923296912809 0.32081424377932016 0.00879958935249688 0.00658418150393679
2 0.87295592872332628 0.32756302982085539 0.00879958935249688 0.00658418150393679
2 0.87266260907824300 0.33381800224959535 0.00879958935249688 0.00658418150393679
2 0.87269927403387837 0.34042961784313186 0.00879958935249688 0.00658418150393679
2 0.87346923810222188 0.34693149707826948 0.00879958935249688 0.00658418150393679
2 0.87383588765857589 0.35392718992620231 0.00879958935249688 0.00658418150393679
2 0.87405587739238833 0.36078571232613643 0.00879958935249688 0.00658418150393679
2 0.87420253721493002 0.36756193245727142 0.00879958935249688 0.00658418150393679
2 0.87383588765857589 0.37469479575320291 0.00879958935249688 0.00658418150393679
2 0.87324924836840945 0.38185509313873417 0.00879958935249688 0.00658418150393679
2 0.87236928943315983 0.38863131326986916 0.00879958935249688 0.00658418150393679
2 0.87266260907824300 0.39455707662341227 0.00879958935249688 0.00658418150393679
2 0.87394588252548211 0.40053770815615486 0.00879958935249688 0.00658418150393679
2 0.87431253208183624 0.40671037831609558 0.00879958935249688 0.00658418150393679
2 0.87361589792476346 0.41323969164083291 0.00879958935249688 0.00658418150393679
2 0.87365256288039894 0.41979643905516995 0.00879958935249688 0.00658418150393679
2 0.87398254748111759 0.42632575237990727 0.00879958935249688 0.00658418150393679
2 0.87438586199310697 0.43164796576225617 0.00879958935249688 0.00658418150393679
2 0.87434919703747160 0.43664097006940827 0.00879958935249688 0.00658418150393679
2 0.87416587225929454 0.44155167210776108 0.00879958935249688 0.00658418150393679
2 0.87361589792476346 0.44673671504211132 0.00879958935249688 0.00658418150393679
2 0.87401921243675296 0.45140051027406658 0.00879958935249688 0.00658418150393679
2 0.87416587225929454 0.45685989410441413 0.00879958935249688 0.00658418150393679
2 0.87343257314658651 0.46182546432196647 0.00879958935249688 0.00658418150393679
2 0.87357923296912809 0.46616005047872489 0.00879958935249688 0.00658418150393679
2 0.87266260907824300 0.47027516391868535 0.00879958935249688 0.00658418150393679
2 0.87394588252548211 0.47554250912183477 0.00879958935249688 0.00658418150393679
2 0.87328591332404493 0.48045321116018763 0.00879958935249688 0.00658418150393679
2 0.87332257827968029 0.48594002908013495 0.00879958935249688 0.00658418150393679
2 0.87339590819095114 0.49153658335848127 0.00879958935249688 0.00658418150393679
2 0.87328591332404493 0.49727030808482620 0.00879958935249688 0.00658418150393679
2 0.87368922783603431 0.50256508737757533 0.00879958935249688 0.00658418150393679
2 0.87332257827968029 0.50777756440152533 0.00879958935249688 0.00658418150393679
2 0.87368922783603431 0.51364845957586902 0.00879958935249688 0.00658418150393679
2 0.87453252181564856 0.51908040931661681 0.00879958935249688 0.00658418150393679
2 0.87350590305785725 0.52426545225096710 0.00879958935249688 0.00658418150393679
2 0.87273593898951385 0.53027351787330934 0.00879958935249688 0.00658418150393679
2 0.87277260394514922 0.53540369262846010 0.00879958935249688 0.00658418150393679
2 0.87255261421133679 0.54075334010040876 0.00879958935249688 0.00658418150393679
2 0.87313925350150323 0.54618528984115666 0.00879958935249688 0.00658418150393679
2 0.87372589279166968 0.55137033277550684 0.00879958935249688 0.00658418150393679
2 0.87295592872332628 0.55688458478505387 0.00879958935249688 0.00658418150393679
2 0.87321258341277408 0.56311212312419412 0.00879958935249688 0.00658418150393679
2 0.87343257314658651 0.56892815011933828 0.00879958935249688 0.00658418150393679
2 0.87262594412260763 0.58728155606156207 0.00879958935249688 0.00658418150393679
2 0.87317591845713871 0.59359139666950156 0.00879958935249688 0.00658418150393679
2 0.87339590819095114 0.59913308276864830 0.00879958935249688 0.00658418150393679
2 0.87240595438879520 0.60472963704699456 0.00879958935249688 0.00658418150393679
2 0.87328591332404493 0.60972264135414667 0.00879958935249688 0.00658418150393679
2 0.87262594412260763 0.61633425694768318 0.00879958935249688 0.00658418150393679
2 0.87368922783603431 0.62198567940522898 0.00879958935249688 0.00658418150393679
2 0.86719953068856792 0.62593618830759101 0.00879958935249688 0.00658418150393679
2 0.85869326098115417 0.62585388603879177 0.00879958935249688 0.00658418150393679
2 0.84956368702793872 0.62601849057639025 0.00879958935249688 0.00658418150393679
8 0.85400014665982249 0.64316479657622561 0.01539928136686955 0.01152231763188939
8 0.86936276307105664 0.64250637842583191 0.01539928136686955 0.01152231763188939
8 0.88454205470411384 0.64234177388823355 0.01539928136686955 0.01152231763188939
8 0.89601818581799519 0.64626484870099588 0.01539928136686955 0.01152231763188939
8 0.89660482510816164 0.63573015829469703 0.01539928136686955 0.01152231763188939
8 0.89539488157219327 0.62489369290280106 0.01539928136686955 0.01152231763188939
8 0.89543154652782875 0.61383775479410718 0.01539928136686955 0.01152231763188939
8 0.89594485590672435 0.60322076211900910 0.01539928136686955 0.01152231763188939
8 0.89583486103981813 0.59227456036871418 0.01539928136686955 0.01152231763188939
8 0.89572486617291192 0.58050533593042719 0.01539928136686955 0.01152231763188939
8 0.89616484564053678 0.56928479328413484 0.01539928136686955 0.01152231763188939
8 0.89557820635037033 0.55822885517544096 0.01539928136686955 0.01152231763188939
8 0.89612818068490141 0.54774903294834165 0.01539928136686955 0.01152231763188939
8 0.89528488670528705 0.53666566075004796 0.01539928136686955 0.01152231763188939
8 0.89521155679401632 0.52629557488134759 0.01539928136686955 0.01152231763188939
8 0.89590819095108898 0.51499272996625611 0.01539928136686955 0.01152231763188939
8 0.89466158245948524 0.50412883048476032 0.01539928136686955 0.01152231763188939
8 0.89598152086235971 0.49271624921126994 0.01539928136686955 0.01152231763188939
8 0.89623817555180763 0.48163287701297630 0.01539928136686955 0.01152231763188939
8 0.89576153112854728 0.47082384571068009 0.01539928136686955 0.01152231763188939
8 0.89440492777003744 0.45982277578118569 0.01539928136686955 0.01152231763188939
8 0.89543154652782875 0.43611972236701324 0.01539928136686955 0.01152231763188939
8 0.89590819095108898 0.42555759787111463 0.01539928136686955 0.01152231763188939
8 0.89546821148346412 0.41477600065841813 0.01539928136686955 0.01152231763188939
8 0.89436826281440196 0.40418644207291982 0.01539928136686955 0.01152231763188939
8 0.89462491750384987 0.39263669035143067 0.01539928136686955 0.01152231763188939
8 0.89389161839114173 0.38155331815313709 0.01539928136686955 0.01152231763188939
8 0.89495490210456841 0.37022303914844584 0.01539928136686955 0.01152231763188939
8 0.89506489697147462 0.35924940330855121 0.01539928136686955 0.01152231763188939
8 0.89510156192711010 0.34778195385586130 0.01539928136686955 0.01152231763188939
8 0.89451492263694365 0.33609503168637350 0.01539928136686955 0.01152231763188939
8 0.89488157219329767 0.32454527996488436 0.01539928136686955 0.01152231763188939
8 0.89576153112854728 0.31280348961619708 0.01539928136686955 0.01152231763188939
8 0.89466158245948524 0.30117143562590876 0.01539928136686955 0.01152231763188939
8 0.89491823714893304 0.28923760665002329 0.01539928136686955 0.01152231763188939
8 0.89616484564053678 0.27796219582453158 0.01539928136686955 0.01152231763188939
8 0.89605485077363056 0.26652218046144138 0.01539928136686955 0.01152231763188939
8 0.89601818581799519 0.25535650599434856 0.01539928136686955 0.01152231763188939
8 0.89634817041871384 0.24416339743765603 0.01539928136686955 0.01152231763188939
8 0.89627484050744299 0.23308002523936244 0.01539928136686955 0.01152231763188939
8 0.89689814475324481 0.22128336671147569 0.01539928136686955 0.01152231763188939
8 0.89686147979760944 0.21030973087158103 0.01539928136686955 0.01152231763188939
8 0.89623817555180763 0.19878741323969165 0.01539928136686955 0.01152231763188939
8 0.89649483024125542 0.18806068420619462 0.01539928136686955 0.01152231763188939
8 0.89623817555180763 0.17670297111190364 0.01539928136686955 0.01152231763188939
8 0.89697147466451566 0.16605854434720585 0.01539928136686955 0.01152231763188939
8 0.89781476864412990 0.15456366080491618 0.01539928136686955 0.01152231763188939
8 0.89689814475324481 0.14290417272502812 0.01539928136686955 0.01152231763188939
8 0.89726479430959893 0.13176593234753506 0.01539928136686955 0.01152231763188939
8 0.89810808828921318 0.12038078516364434 0.01539928136686955 0.01152231763188939
8 0.89814475324484855 0.10883103344215522 0.01539928136686955 0.01152231763188939
8 0.89836474297866098 0.09692463855586952 0.01539928136686955 0.01152231763188939
8 0.89931803182518144 0.08655455268716908 0.01539928136686955 0.01152231763188939
8 0.89968468138153557 0.07486763051768128 0.01539928136686955 0.01152231763188939
8 0.89920803695827523 0.06389399467778661 0.01539928136686955 0.01152231763188939
8 0.89950135660335850 0.05303009519629091 0.01539928136686955 0.01152231763188939
8 0.89979467624844178 0.04062988669720995 0.01539928136686955 0.01152231763188939
8 0.90034465058297275 0.03025980082850951 0.01539928136686955 0.01152231763188939
8 0.90038131553860823 0.01849057639022249 0.01539928136686955 0.01152231763188939
8 0.89986800615971252 0.00765411099832652 0.01539928136686955 0.01152231763188939
8 0.09268900784630051 0.01168692216948781 0.01539928136686955 0.01152231763188939
8 0.09243235315685268 0.02296233299497956 0.01539928136686955 0.01152231763188939
8 0.09140573439906138 0.03434748017887027 0.01539928136686955 0.01152231763188939
8 0.09232235828994646 0.04504677512276755 0.01539928136686955 0.01152231763188939
8 0.09246901811248809 0.05695317000905325 0.01539928136686955 0.01152231763188939
8 0.09235902324558187 0.06877726262653974 0.01539928136686955 0.01152231763188939
8 0.09015912590745766 0.08049161888562728 0.01539928136686955 0.01152231763188939
8 0.09129573953215517 0.09165729335272009 0.01539928136686955 0.01152231763188939
8 0.08986580626237442 0.10403006776220131 0.01539928136686955 0.01152231763188939
8 0.09158905917723839 0.11431785136210255 0.01539928136686955 0.01152231763188939
8 0.09056244041944710 0.12509944857479904 0.01539928136686955 0.01152231763188939
8 0.09081909510889492 0.13667663438588790 0.01539928136686955 0.01152231763188939
8 0.09026912077436386 0.14765027022578256 0.01539928136686955 0.01152231763188939
8 0.09103908484270734 0.15887081287207483 0.01539928136686955 0.01152231763188939
8 0.08946249175038498 0.17009135551836713 0.01539928136686955 0.01152231763188939
8 0.08971914643983281 0.18188801404625388 0.01539928136686955 0.01152231763188939
8 0.08993913617364523 0.19335546349894378 0.01539928136686955 0.01152231763188939
8 0.08920583706093715 0.20600257880442238 0.01539928136686955 0.01152231763188939
8 0.09125907457651976 0.21738772598831307 0.01539928136686955 0.01152231763188939
8 0.08982914130673902 0.22948615950179693 0.01539928136686955 0.01152231763188939
8 0.09125907457651976 0.24122794985048421 0.01539928136686955 0.01152231763188939
8 0.09136906944342597 0.25296974019917151 0.01539928136686955 0.01152231763188939
8 0.09070910024198871 0.26421771693506352 0.01539928136686955 0.01152231763188939
8 0.09070910024198871 0.27546569367095552 0.01539928136686955 0.01152231763188939
8 0.09030578572999927 0.28545170228525968 0.01539928136686955 0.01152231763188939
8 0.09026912077436386 0.29683684946915034 0.01539928136686955 0.01152231763188939
8 0.08990247121800983 0.30849633754903844 0.01539928136686955 0.01152231763188939
8 0.09037911564127007 0.31952484156813254 0.01539928136686955 0.01152231763188939
8 0.09041578059690548 0.33093742284162297 0.01539928136686955 0.01152231763188939
8 0.09012246095182225 0.34292611999670791 0.01539928136686955 0.01152231763188939
8 0.08964581652856200 0.35464047625579548 0.01539928136686955 0.01152231763188939
8 0.08938916183911418 0.36679377794847878 0.01539928136686955 0.01152231763188939
8 0.08704260467844833 0.37743820471317657 0.01539928136686955 0.01152231763188939
8 0.08858253281513530 0.38813749965707389 0.01539928136686955 0.01152231763188939
8 0.08847253794822908 0.39963238319936351 0.01539928136686955 0.01152231763188939
8 0.08902251228276013 0.41057858494965843 0.01539928136686955 0.01152231763188939
8 0.08916917210530176 0.42108584126635756 0.01539928136686955 0.01152231763188939
8 0.08869252768204150 0.43280019752544513 0.01539928136686955 0.01152231763188939
8 0.08927916697220796 0.44352692655894216 0.01539928136686955 0.01152231763188939
8 0.08876585759331231 0.45488463965323311 0.01539928136686955 0.01152231763188939
8 0.08836254308132287 0.46695563907711723 0.01539928136686955 0.01152231763188939
8 0.08861919777077069 0.47825848399220872 0.01539928136686955 0.01152231763188939
8 0.08872919263767691 0.48947902663850101 0.01539928136686955 0.01152231763188939
8 0.08781256874679182 0.50039779429919617 0.01539928136686955 0.01152231763188939
8 0.08792256361369803 0.51123425969109215 0.01539928136686955 0.01152231763188939
8 0.08861919777077069 0.52182381827659052 0.01539928136686955 0.01152231763188939
8 0.08722592945662536 0.53353817453567798 0.01539928136686955 0.01152231763188939
8 0.08689594485590672 0.54442950810677349 0.01539928136686955 0.01152231763188939
8 0.08729925936789616 0.55600669391786228 0.01539928136686955 0.01152231763188939
8 0.08660262521082350 0.56687059339935808 0.01539928136686955 0.01152231763188939
8 0.08689594485590672 0.57800883377685108 0.01539928136686955 0.01152231763188939
8 0.08638263547701107 0.58890016734794659 0.01539928136686955 0.01152231763188939
8 0.08821588325878126 0.60017557817343836 0.01539928136686955 0.01152231763188939
8 0.08931583192784337 0.61147842308852984 0.01539928136686955 0.01152231763188939
8 0.08854586785949989 0.62269896573482209 0.01539928136686955 0.01152231763188939
8 0.08843587299259367 0.63468766288990697 0.01539928136686955 0.01152231763188939
8 0.08700593972281294 0.65452250967051662 0.01539928136686955 0.01152231763188939
8 0.08674928503336511 0.64450906696661270 0.01539928136686955 0.01152231763188939
8 0.10222189631150547 0.65054456667855476 0.01539928136686955 0.01152231763188939
8 0.11677788369876073 0.65076403939535266 0.01539928136686955 0.01152231763188939
8 0.13148053090855760 0.65101094620175026 0.01539928136686955 0.01152231763188939
8 0.14482657475984453 0.65048969849935534 0.01539928136686955 0.01152231763188939
8 0.15949255701400603 0.65013305533455867 0.01539928136686955 0.01152231763188939
13 0.15303952482217498 0.65386409152012293 0.00659969201437266 0.00493813612795259
13 0.15267287526582093 0.64684096458259033 0.00659969201437266 0.00493813612795259
13 0.13870352716873213 0.64725247592658641 0.00659969201437266 0.00493813612795259
13 0.13936349637016940 0.65460481193931574 0.00659969201437266 0.00493813612795259
13 0.12528415340617438 0.65452250967051662 0.00659969201437266 0.00493813612795259
13 0.12510082862799737 0.64714273956818746 0.00659969201437266 0.00493813612795259
13 0.11036151646256508 0.64686839867219004 0.00659969201437266 0.00493813612795259
13 0.11014152672875266 0.65411099832652053 0.00659969201437266 0.00493813612795259
13 0.09452225562807069 0.65493402101451259 0.00659969201437266 0.00493813612795259
13 0.09422893598298746 0.64788345998738028 0.00659969201437266 0.00493813612795259
13 0.08245948522402288 0.64906312584016901 0.00659969201437266 0.00493813612795259
13 0.08462271760651170 0.62752736550437571 0.00659969201437266 0.00493813612795259
13 0.09250568306812348 0.62793887684837180 0.00659969201437266 0.00493813612795259
13 0.08333944415927257 0.61614221832048499 0.00659969201437266 0.00493813612795259
13 0.09268900784630051 0.61685550465007821 0.00659969201437266 0.00493813612795259
13 0.08341277407054337 0.60511371430139094 0.00659969201437266 0.00493813612795259
13 0.09199237368922783 0.60486680749499333 0.00659969201437266 0.00493813612795259
13 0.08253281513529369 0.59474362843269046 0.00659969201437266 0.00493813612795259
13 0.09268900784630051 0.59328962168390442 0.00659969201437266 0.00493813612795259
13 0.08234949035711667 0.58242572220240874 0.00659969201437266 0.00493813612795259
13 0.09173571899978002 0.58294696990480366 0.00659969201437266 0.00493813612795259
13 0.08201950575639803 0.57169899316891171 0.00659969201437266 0.00493813612795259
13 0.09213903351176946 0.57145208636251410 0.00659969201437266 0.00493813612795259
13 0.08260614504656449 0.55990233464102490 0.00659969201437266 0.00493813612795259
13 0.09180904891105082 0.56099969822501439 0.00659969201437266 0.00493813612795259
13 0.08319278433673095 0.54920303969712769 0.00659969201437266 0.00493813612795259
13 0.09250568306812348 0.54986145784752138 0.00659969201437266 0.00493813612795259
13 0.08311945442546015 0.53820196976763324 0.00659969201437266 0.00493813612795259
13 0.09261567793502970 0.53831170612603219 0.00659969201437266 0.00493813612795259
13 0.09349563687027938 0.52695399303174129 0.00659969201437266 0.00493813612795259
13 0.08396274840507444 0.52703629530054041 0.00659969201437266 0.00493813612795259
13 0.08377942362689741 0.51650160489424157 0.00659969201437266 0.00493813612795259
13 0.09309232235828994 0.51540424131025209 0.00659969201437266 0.00493813612795259
13 0.08381608858253281 0.50539079860634828 0.00659969201437266 0.00493813612795259
13 0.09327564713646697 0.50462264409755564 0.00659969201437266 0.00493813612795259
13 0.08385275353816822 0.49364900825766095 0.00659969201437266 0.00493813612795259
13 0.09360563173718560 0.49364900825766095 0.00659969201437266 0.00493813612795259
13 0.08410940822761605 0.48355326328495790 0.00659969201437266 0.00493813612795259
13 0.09316565226956075 0.48283997695536474 0.00659969201437266 0.00493813612795259
13 0.08414607318325144 0.47214068201146747 0.00659969201437266 0.00493813612795259
13 0.09221236342304026 0.47175660475707115 0.00659969201437266 0.00493813612795259
13 0.08447605778397008 0.45938383034758989 0.00659969201437266 0.00493813612795259
13 0.09298232749138373 0.45995994622918440 0.00659969201437266 0.00493813612795259
13 0.09305565740265455 0.44830045814929631 0.00659969201437266 0.00493813612795259
13 0.08458605265087629 0.44802611725329894 0.00659969201437266 0.00493813612795259
13 0.08443939282833468 0.43644893144221009 0.00659969201437266 0.00493813612795259
13 0.09327564713646697 0.43680557460700664 0.00659969201437266 0.00493813612795259
13 0.08432939796142847 0.42503635016871966 0.00659969201437266 0.00493813612795259
13 0.09367896164845640 0.42638062055910675 0.00659969201437266 0.00493813612795259
13 0.08447605778397008 0.41485830292721737 0.00659969201437266 0.00493813612795259
13 0.09389895138226882 0.41444679158322129 0.00659969201437266 0.00493813612795259
13 0.08436606291706387 0.40399440344572163 0.00659969201437266 0.00493813612795259
13 0.09338564200337318 0.40410413980412058 0.00659969201437266 0.00493813612795259
13 0.08429273300579307 0.39356944939782174 0.00659969201437266 0.00493813612795259
13 0.09367896164845640 0.39269155853063015 0.00659969201437266 0.00493813612795259
13 0.08359609884872039 0.38234890675152944 0.00659969201437266 0.00493813612795259
13 0.09283566766884212 0.38223917039313049 0.00659969201437266 0.00493813612795259
13 0.09382562147099802 0.37200625497242873 0.00659969201437266 0.00493813612795259
13 0.08429273300579307 0.37123810046363609 0.00659969201437266 0.00493813612795259
13 0.09452225562807069 0.36007242599654332 0.00659969201437266 0.00493813612795259
13 0.08429273300579307 0.36015472826534251 0.00659969201437266 0.00493813612795259
13 0.09386228642663343 0.34852267427505418 0.00659969201437266 0.00493813612795259
13 0.08458605265087629 0.34865984472305289 0.00659969201437266 0.00493813612795259
13 0.08583266114248002 0.33590299305917531 0.00659969201437266 0.00493813612795259
13 0.09400894624917504 0.33628707031357163 0.00659969201437266 0.00493813612795259
13 0.09404561120481045 0.32495679130888039 0.00659969201437266 0.00493813612795259
13 0.08575933123120921 0.32517626402567829 0.00659969201437266 0.00493813612795259
13 0.09426560093862286 0.31406545773778499 0.00659969201437266 0.00493813612795259
13 0.08564933636430300 0.31329730322899235 0.00659969201437266 0.00493813612795259
13 0.09496223509569554 0.30202189240350058 0.00659969201437266 0.00493813612795259
13 0.08601598592065704 0.30163781514910426 0.00659969201437266 0.00493813612795259
13 0.08550267654176139 0.27000630984060792 0.00659969201437266 0.00493813612795259
13 0.09620884358729925 0.25777070587912543 0.00659969201437266 0.00493813612795259
13 0.08678594998900051 0.25799017859592327 0.00659969201437266 0.00493813612795259
13 0.08689594485590672 0.24611121779923734 0.00659969201437266 0.00493813612795259
13 0.09521888978514335 0.23425969109215111 0.00659969201437266 0.00493813612795259
13 0.09507222996260174 0.22298428026665934 0.00659969201437266 0.00493813612795259
13 0.08509936202977195 0.21129735809717154 0.00659969201437266 0.00493813612795259
13 0.09433893084989367 0.19969273819648295 0.00659969201437266 0.00493813612795259
13 0.08597932096502163 0.19884228141889113 0.00659969201437266 0.00493813612795259
13 0.08572266627557380 0.18753943650379962 0.00659969201437266 0.00493813612795259
13 0.09444892571679989 0.18649694109900963 0.00659969201437266 0.00493813612795259
13 0.09430226589425827 0.17590738251351129 0.00659969201437266 0.00493813612795259
13 0.08432939796142847 0.17601711887191024 0.00659969201437266 0.00493813612795259
13 0.09525555474077876 0.16383638308962717 0.00659969201437266 0.00493813612795259
13 0.08524602185231356 0.16411072398562454 0.00659969201437266 0.00493813612795259
13 0.09532888465204957 0.15283531316013277 0.00659969201437266 0.00493813612795259
13 0.08630930556574026 0.14131299552824339 0.00659969201437266 0.00493813612795259
13 0.09543887951895579 0.14177937505143892 0.00659969201437266 0.00493813612795259
13 0.08663929016645890 0.13036679377794849 0.00659969201437266 0.00493813612795259
13 0.09514555987387255 0.13102521192834216 0.00659969201437266 0.00493813612795259
13 0.08619931069883406 0.11925598749005514 0.00659969201437266 0.00493813612795259
13 0.09525555474077876 0.11920111931085567 0.00659969201437266 0.00493813612795259
13 0.08667595512209431 0.10962662204054759 0.00659969201437266 0.00493813612795259
13 0.09617217863166386 0.10765136758936655 0.00659969201437266 0.00493813612795259
13 0.08649263034391728 0.09706180900386821 0.00659969201437266 0.00493813612795259
13 0.09529221969641417 0.09815917258785767 0.00659969201437266 0.00493813612795259
13 0.08693260981154213 0.08611560725357328 0.00659969201437266 0.00493813612795259
13 0.09576886411967442 0.08542975501357987 0.00659969201437266 0.00493813612795259
13 0.08726259441226077 0.07382513511289128 0.00659969201437266 0.00493813612795259
13 0.09525555474077876 0.07473046006968259 0.00659969201437266 0.00493813612795259
13 0.08770257387988560 0.06265946064579847 0.00659969201437266 0.00493813612795259
13 0.09668548801055951 0.06304353790019478 0.00659969201437266 0.00493813612795259
13 0.08759257901297940 0.05116457710350882 0.00659969201437266 0.00493813612795259
13 0.09661215809928871 0.05174069298510329 0.00659969201437266 0.00493813612795259
13 0.08711593458971914 0.04019094126361417 0.00659969201437266 0.00493813612795259
13 0.09705213756691354 0.03955995720282023 0.00659969201437266 0.00493813612795259
13 0.08751924910170859 0.02833941455652794 0.00659969201437266 0.00493813612795259
13 0.09631883845420547 0.02858632136292557 0.00659969201437266 0.00493813612795259
13 0.08729925936789616 0.01687196510383803 0.00659969201437266 0.00493813612795259
13 0.09694214270000734 0.01681709692463856 0.00659969201437266 0.00493813612795259
13 0.08788589865806262 0.00603549971194206 0.00659969201437266 0.00493813612795259
13 0.09686881278873652 0.00628240651833969 0.00659969201437266 0.00493813612795259
13 0.89715479944269272 0.00277084304957340 0.00659969201437266 0.00493813612795259
13 0.90467111534795042 0.00246906806397630 0.00659969201437266 0.00493813612795259
13 0.89631150546307836 0.01349757208307042 0.00659969201437266 0.00493813612795259
13 0.90397448119087775 0.01283915393267674 0.00659969201437266 0.00493813612795259
13 0.89576153112854728 0.02444377383336534 0.00659969201437266 0.00493813612795259
13 0.90555107428320014 0.02507475789415928 0.00659969201437266 0.00493813612795259
13 0.89598152086235971 0.03602095964445420 0.00659969201437266 0.00493813612795259
13 0.90459778543667957 0.03621299827165236 0.00659969201437266 0.00493813612795259
13 0.89554154139473496 0.04754327727634358 0.00659969201437266 0.00493813612795259
13 0.90401114614651312 0.04743354091794464 0.00659969201437266 0.00493813612795259
13 0.89513822688274547 0.05881868810183534 0.00659969201437266 0.00493813612795259
13 0.90401114614651312 0.05912046308743244 0.00659969201437266 0.00493813612795259
13 0.89539488157219327 0.07127376478011577 0.00659969201437266 0.00493813612795259
13 0.90423113588032555 0.07009409892732710 0.00659969201437266 0.00493813612795259
13 0.89480824228202682 0.08180845518641464 0.00659969201437266 0.00493813612795259
13 0.90353450172325289 0.08106773476722175 0.00659969201437266 0.00493813612795259
13 0.89466158245948524 0.09237057968231324 0.00659969201437266 0.00493813612795259
13 0.90408447605778397 0.09231571150311377 0.00659969201437266 0.00493813612795259
13 0.89466158245948524 0.10359112232860553 0.00659969201437266 0.00493813612795259
13 0.90320451712253425 0.10367342459740474 0.00659969201437266 0.00493813612795259
13 0.89473491237075609 0.11560725357329017 0.00659969201437266 0.00493813612795259
13 0.90221456332037842 0.11486653315409728 0.00659969201437266 0.00493813612795259
13 0.89363496370169393 0.12647115305478587 0.00659969201437266 0.00493813612795259
13 0.90199457358656598 0.12721187347397878 0.00659969201437266 0.00493813612795259
13 0.89290166458898590 0.13755452525307948 0.00659969201437266 0.00493813612795259
13 0.90093128987313931 0.13766426161147843 0.00659969201437266 0.00493813612795259
13 0.89308498936716285 0.14896710652656991 0.00659969201437266 0.00493813612795259
13 0.90126127447385784 0.14858302927217359 0.00659969201437266 0.00493813612795259
13 0.89319498423406907 0.15991330827686484 0.00659969201437266 0.00493813612795259
13 0.90203123854220135 0.16029738553126113 0.00659969201437266 0.00493813612795259
13 0.89209503556500702 0.17149049408795369 0.00659969201437266 0.00493813612795259
13 0.90144459925203491 0.17138075772955474 0.00659969201437266 0.00493813612795259
13 0.89246168512136104 0.18164110723985624 0.00659969201437266 0.00493813612795259
13 0.90170125394148271 0.18224465721105046 0.00659969201437266 0.00493813612795259
13 0.89213170052064239 0.19387671120133879 0.00659969201437266 0.00493813612795259
13 0.90188457871965977 0.19390414529093852 0.00659969201437266 0.00493813612795259
13 0.90122460951822247 0.20471317659323476 0.00659969201437266 0.00493813612795259
13 0.89183838087555911 0.20575567199802475 0.00659969201437266 0.00493813612795259
13 0.89216836547627776 0.21590628514992730 0.00659969201437266 0.00493813612795259
13 0.90184791376402440 0.21593371923952703 0.00659969201437266 0.00493813612795259
13 0.90104128474004541 0.22762064140901483 0.00659969201437266 0.00493813612795259
13 0.89260834494390262 0.22709939370661986 0.00659969201437266 0.00493813612795259
13 0.89202170565373617 0.23851197498011029 0.00659969201437266 0.00493813612795259
13 0.90126127447385784 0.23864914542810897 0.00659969201437266 0.00493813612795259
13 0.89084842707340328 0.24926613810320705 0.00659969201437266 0.00493813612795259
13 0.90133460438512869 0.24956791308880416 0.00659969201437266 0.00493813612795259
13 0.89143506636356973 0.26128226934789167 0.00659969201437266 0.00493813612795259
13 0.90133460438512869 0.26037694439110037 0.00659969201437266 0.00493813612795259
13 0.89158172618611131 0.27263998244218268 0.00659969201437266 0.00493813612795259
13 0.90078463005059761 0.27247537790458426 0.00659969201437266 0.00493813612795259
13 0.90082129500623309 0.28407999780527282 0.00659969201437266 0.00493813612795259
13 0.89136173645229888 0.28350388192367837 0.00659969201437266 0.00493813612795259
13 0.89018845787196599 0.29535540863076459 0.00659969201437266 0.00493813612795259
13 0.89924470191391070 0.29576691997476062 0.00659969201437266 0.00493813612795259
13 0.89033511769450757 0.30734410578584948 0.00659969201437266 0.00493813612795259
13 0.89946469164772314 0.30682285808345450 0.00659969201437266 0.00493813612795259
13 0.90027132067170201 0.31856464843214177 0.00659969201437266 0.00493813612795259
13 0.89055510742832000 0.31812570299854598 0.00659969201437266 0.00493813612795259
13 0.89029845273887220 0.33052591149762695 0.00659969201437266 0.00493813612795259
13 0.90001466598225421 0.33022413651202986 0.00659969201437266 0.00493813612795259
13 0.88938182884798711 0.34221283366711475 0.00659969201437266 0.00493813612795259
13 0.89902471218009827 0.34163671778552029 0.00659969201437266 0.00493813612795259
13 0.88956515362616406 0.35359798085100547 0.00659969201437266 0.00493813612795259
13 0.89946469164772314 0.35337850813420757 0.00659969201437266 0.00493813612795259
13 0.89876805749065047 0.36479108940769800 0.00659969201437266 0.00493813612795259
13 0.88996846813815356 0.36517516666209432 0.00659969201437266 0.00493813612795259
13 0.89917137200263986 0.37620367068118843 0.00659969201437266 0.00493813612795259
13 0.88967514849307028 0.37568242297879345 0.00659969201437266 0.00493813612795259
13 0.88908850920290383 0.38687553153548598 0.00659969201437266 0.00493813612795259
13 0.89964801642590009 0.38725960878988230 0.00659969201437266 0.00493813612795259
13 0.88967514849307028 0.39812350827137799 0.00659969201437266 0.00493813612795259
13 0.90019799076043117 0.39826067871937670 0.00659969201437266 0.00493813612795259
13 0.90008799589352495 0.40948122136566900 0.00659969201437266 0.00493813612795259
13 0.88985847327124734 0.41035911223286053 0.00659969201437266 0.00493813612795259
13 0.88949182371489333 0.42012564813036679 0.00659969201437266 0.00493813612795259
13 0.90140793429639954 0.42070176401196124 0.00659969201437266 0.00493813612795259
13 0.90060130527242066 0.43085237716386382 0.00659969201437266 0.00493813612795259
13 0.88989513822688271 0.43181257029985459 0.00659969201437266 0.00493813612795259
13 0.89051844247268463 0.44185344709335822 0.00659969201437266 0.00493813612795259
13 0.88934516389235174 0.45408905105484076 0.00659969201437266 0.00493813612795259
13 0.89092175698467402 0.46547419823873143 0.00659969201437266 0.00493813612795259
13 0.90041798049424360 0.46525472552193353 0.00659969201437266 0.00493813612795259
13 0.89022512282760136 0.47749032948341608 0.00659969201437266 0.00493813612795259
13 0.90034465058297275 0.47614605909302898 0.00659969201437266 0.00493813612795259
13 0.89095842194030950 0.48714712902252338 0.00659969201437266 0.00493813612795259
13 0.90012466084916032 0.48690022221612578 0.00659969201437266 0.00493813612795259
13 0.89946469164772314 0.49855971029601381 0.00659969201437266 0.00493813612795259
13 0.89099508689594487 0.49908095799840885 0.00659969201437266 0.00493813612795259
13 0.88985847327124734 0.50950591204630880 0.00659969201437266 0.00493813612795259
13 0.90012466084916032 0.50950591204630880 0.00659969201437266 0.00493813612795259
13 0.89026178778323684 0.52031494334860495 0.00659969201437266 0.00493813612795259
13 0.90104128474004541 0.52006803654220735 0.00659969201437266 0.00493813612795259
13 0.89033511769450757 0.53084963375490379 0.00659969201437266 0.00493813612795259
13 0.90071130013932688 0.53104167238210198 0.00659969201437266 0.00493813612795259
13 0.89037178265014294 0.54231708320759375 0.00659969201437266 0.00493813612795259
13 0.90030798562733738 0.54146662643000187 0.00659969201437266 0.00493813612795259
13 0.90056464031678518 0.55320841677868915 0.00659969201437266 0.00493813612795259
13 0.89066510229522622 0.55257743271789528 0.00659969201437266 0.00493813612795259
13 0.88993180318251819 0.56440152533538179 0.00659969201437266 0.00493813612795259
13 0.89876805749065047 0.56264574360099862 0.00659969201437266 0.00493813612795259
13 0.89884138740192121 0.57496364983128034 0.00659969201437266 0.00493813612795259
13 0.88982180831561197 0.57496364983128034 0.00659969201437266 0.00493813612795259
13 0.89044511256141379 0.58610189020877346 0.00659969201437266 0.00493813612795259
13 0.89968468138153557 0.58601958793997422 0.00659969201437266 0.00493813612795259
13 0.89986800615971252 0.59721269649666675 0.00659969201437266 0.00493813612795259
13 0.89026178778323684 0.59767907601986225 0.00659969201437266 0.00493813612795259
13 0.88982180831561197 0.60780225508216512 0.00659969201437266 0.00493813612795259
13 0.89939136173645229 0.60895448684535403 0.00659969201437266 0.00493813612795259
13 0.88978514335997649 0.61959891361005182 0.00659969201437266 0.00493813612795259
13 0.89796142846667160 0.61921483635565555 0.00659969201437266 0.00493813612795259
13 0.90074796509496224 0.63109379715234148 0.00659969201437266 0.00493813612795259
13 0.89081176211776780 0.63123096760034014 0.00659969201437266 0.00493813612795259
13 0.90027132067170201 0.64201256481303670 0.00659969201437266 0.00493813612795259
13 0.89110508176285108 0.64149131711064167 0.00659969201437266 0.00493813612795259
13 0.87614577986360631 0.64000987627225592 0.00659969201437266 0.00493813612795259
13 0.87566913544034608 0.64804806452497876 0.00659969201437266 0.00493813612795259
13 0.86056317371855984 0.64741708046418478 0.00659969201437266 0.00493813612795259
13 0.86228642663342381 0.63962579901785954 0.00659969201437266 0.00493813612795259
13 0.84666715553274186 0.64107980576664558 0.00659969201437266 0.00493813612795259
13 0.84663049057710638 0.64796576225617952 0.00659969201437266 0.00493813612795259
