26 0.62425204993720917 0.18825495344951063 0.01477432222796779 0.00954881833373120
26 0.63832459185934842 0.18837431367868226 0.01477432222796779 0.00954881833373120
26 0.62251606707542295 0.17608021007400335 0.01477432222796779 0.00954881833373120
26 0.63802910541478908 0.17488660778228693 0.01477432222796779 0.00954881833373120
26 0.52829282706655833 0.12088804010503700 0.01477432222796779 0.00954881833373120
26 0.52884686415010707 0.11117211745046550 0.01477432222796779 0.00954881833373120
26 0.50986186008716849 0.12263069945094295 0.01477432222796779 0.00954881833373120
26 0.50764571175297335 0.11195989496299832 0.01477432222796779 0.00954881833373120
26 0.42653468272143014 0.18500835521604200 0.01477432222796779 0.00954881833373120
26 0.40987663440939648 0.18226306994509431 0.01477432222796779 0.00954881833373120
26 0.41150180985447293 0.19792313201241346 0.01477432222796779 0.00954881833373120
26 0.42653468272143014 0.19639532107901647 0.01477432222796779 0.00954881833373120
13 0.40175075718401421 0.56724755311530195 0.00664844500258551 0.00429696825017904
13 0.39432666026446039 0.57767963714490334 0.00664844500258551 0.00429696825017904
13 0.38915564748467163 0.57149677727381232 0.00664844500258551 0.00429696825017904
13 0.37807490581369579 0.57538792074480782 0.00664844500258551 0.00429696825017904
13 0.36422397872497597 0.58281212699928386 0.00664844500258551 0.00429696825017904
13 0.36943192731033464 0.58768202434948680 0.00664844500258551 0.00429696825017904
13 0.35779714855581002 0.59324421102888514 0.00664844500258551 0.00429696825017904
13 0.35063160227524565 0.58928145142038668 0.00664844500258551 0.00429696825017904
13 0.34147152249390561 0.59515397469563136 0.00664844500258551 0.00429696825017904
13 0.34701189332939353 0.60011936022917167 0.00664844500258551 0.00429696825017904
13 0.33692841840880550 0.60587252327524466 0.00664844500258551 0.00429696825017904
13 0.33079707468419889 0.60190976366674620 0.00664844500258551 0.00429696825017904
13 0.32015956268006207 0.60926235378371929 0.00664844500258551 0.00429696825017904
13 0.32758365959961588 0.61351157794222966 0.00664844500258551 0.00429696825017904
13 0.31129496934328138 0.61616137502984003 0.00664844500258551 0.00429696825017904
13 0.31772179951244739 0.62088804010503695 0.00664844500258551 0.00429696825017904
13 0.30095294378370391 0.62401527810933399 0.00664844500258551 0.00429696825017904
13 0.30963285809263502 0.62802578180950108 0.00664844500258551 0.00429696825017904
13 0.30036197089458522 0.63506803533062783 0.00664844500258551 0.00429696825017904
13 0.29290093816946150 0.63194079732633091 0.00664844500258551 0.00429696825017904
13 0.28495973997192880 0.63965146813081886 0.00664844500258551 0.00429696825017904
13 0.29238383689148262 0.64337550728097403 0.00664844500258551 0.00429696825017904
13 0.27746177144123513 0.64700405824779184 0.00664844500258551 0.00429696825017904
13 0.28584619930560684 0.65087132967295303 0.00664844500258551 0.00429696825017904
13 0.27029622516067076 0.65607543566483650 0.00664844500258551 0.00429696825017904
13 0.27435916377336189 0.66765337789448553 0.00664844500258551 0.00429696825017904
13 0.26457117529733326 0.66560038195273330 0.00664844500258551 0.00429696825017904
13 0.27199527221688707 0.67565051324898540 0.00664844500258551 0.00429696825017904
13 0.26076678732363151 0.67534017665313917 0.00664844500258551 0.00429696825017904
13 0.25803353771145748 0.68278825495344952 0.00664844500258551 0.00429696825017904
13 0.26974218807712197 0.68596323704941509 0.00664844500258551 0.00429696825017904
13 0.25264091009824924 0.70830747195034616 0.00664844500258551 0.00429696825017904
13 0.25271478170938910 0.71857245165910721 0.00664844500258551 0.00429696825017904
13 0.26324148629681615 0.71850083552160415 0.00664844500258551 0.00429696825017904
13 0.26401713821378442 0.72893291955120554 0.00664844500258551 0.00429696825017904
13 0.25507867326586392 0.72986392933874433 0.00664844500258551 0.00429696825017904
13 0.24902120115239712 0.72535211267605637 0.00664844500258551 0.00429696825017904
13 0.23631528403634483 0.72764382907615177 0.00664844500258551 0.00429696825017904
13 0.23897466203737905 0.73399379326808312 0.00664844500258551 0.00429696825017904
13 0.22486518430966979 0.73635712580568158 0.00664844500258551 0.00429696825017904
13 0.21832754672379404 0.73124850799713537 0.00664844500258551 0.00429696825017904
13 0.21027554110955160 0.74165671998090232 0.00664844500258551 0.00429696825017904
13 0.20466129866292385 0.73602291716400092 0.00664844500258551 0.00429696825017904
13 0.19036714190736501 0.74172833611840538 0.00664844500258551 0.00429696825017904
13 0.19745881657678954 0.74621628073525903 0.00664844500258551 0.00429696825017904
13 0.18600871685011450 0.75235139651468130 0.00664844500258551 0.00429696825017904
13 0.17780896801359239 0.74803055621866799 0.00664844500258551 0.00429696825017904
13 0.16802097953756370 0.75504893769396042 0.00664844500258551 0.00429696825017904
13 0.17452168131786955 0.75896395321079013 0.00664844500258551 0.00429696825017904
13 0.16436433478614168 0.76645977560276912 0.00664844500258551 0.00429696825017904
13 0.15675555883873826 0.76175698257340652 0.00664844500258551 0.00429696825017904
13 0.14600723941789170 0.76973024588207206 0.00664844500258551 0.00429696825017904
13 0.15472408953239269 0.77357364526139893 0.00664844500258551 0.00429696825017904
13 0.13987589569328507 0.77975650513248984 0.00664844500258551 0.00429696825017904
13 0.14899903966905517 0.78152303652423016 0.00664844500258551 0.00429696825017904
13 0.13444633227450692 0.78916209119121505 0.00664844500258551 0.00429696825017904
13 0.14327398980571765 0.79052279780377177 0.00664844500258551 0.00429696825017904
13 0.13998670310999484 0.79985676772499403 0.00664844500258551 0.00429696825017904
13 0.15010711383615277 0.81539746956314152 0.00664844500258551 0.00429696825017904
13 0.14700450616827954 0.82547147290522793 0.00664844500258551 0.00429696825017904
13 0.13367068035753860 0.83291955120553829 0.00664844500258551 0.00429696825017904
13 0.14460367880623476 0.83463833850560998 0.00664844500258551 0.00429696825017904
13 0.14371721947255670 0.84237288135593225 0.00664844500258551 0.00429696825017904
13 0.13145453202334342 0.84251611363093815 0.00664844500258551 0.00429696825017904
13 0.11727118268449435 0.83735975173072330 0.00664844500258551 0.00429696825017904
13 0.11701263204550491 0.84299355454762470 0.00664844500258551 0.00429696825017904
13 0.10426977912388269 0.84418715683934109 0.00664844500258551 0.00429696825017904
13 0.11298662923838369 0.85364048698973505 0.00664844500258551 0.00429696825017904
13 0.10378961365147374 0.85347338266889472 0.00664844500258551 0.00429696825017904
13 0.11261727118268450 0.86316543327763184 0.00664844500258551 0.00429696825017904
13 0.11239565634926497 0.87206970637383618 0.00664844500258551 0.00429696825017904
13 0.10253379626209648 0.88195273334924806 0.00664844500258551 0.00429696825017904
13 0.11261727118268450 0.88266889472427790 0.00664844500258551 0.00429696825017904
13 0.10234911723424688 0.89159703986631655 0.00664844500258551 0.00429696825017904
13 0.11132451798773731 0.89159703986631655 0.00664844500258551 0.00429696825017904
13 0.11121371057102755 0.90128909047505368 0.00664844500258551 0.00429696825017904
13 0.12872128241116940 0.91198376700883266 0.00664844500258551 0.00429696825017904
13 0.13762281155351999 0.91363093817140129 0.00664844500258551 0.00429696825017904
13 0.12683755632710350 0.92198615421341612 0.00664844500258551 0.00429696825017904
13 0.13607150771958337 0.92399140606349961 0.00664844500258551 0.00429696825017904
13 0.12159267193617493 0.92919551205538320 0.00664844500258551 0.00429696825017904
13 0.13012484302282631 0.93260921460969204 0.00664844500258551 0.00429696825017904
13 0.12218364482529363 0.94132251133922173 0.00664844500258551 0.00429696825017904
13 0.10995789318165029 0.94862735736452619 0.00664844500258551 0.00429696825017904
13 0.11904410135185048 0.95122941036046793 0.00664844500258551 0.00429696825017904
13 0.09998522567777203 0.96834566722368109 0.00664844500258551 0.00429696825017904
13 0.11006870059836005 0.96736691334447367 0.00664844500258551 0.00429696825017904
13 0.10848046095885351 0.98846980186201960 0.00664844500258551 0.00429696825017904
13 0.91519539041146492 0.99596562425399859 0.00664844500258551 0.00429696825017904
13 0.92424466277609518 0.99620434471234187 0.00664844500258551 0.00429696825017904
13 0.92424466277609518 0.98672714251611360 0.00664844500258551 0.00429696825017904
13 0.91430893107778677 0.98608259727858683 0.00664844500258551 0.00429696825017904
13 0.91478909655019580 0.97693960372403910 0.00664844500258551 0.00429696825017904
13 0.92524192952648299 0.97756027691573166 0.00664844500258551 0.00429696825017904
13 0.92542660855433256 0.96844115540701836 0.00664844500258551 0.00429696825017904
13 0.91534313363374453 0.96825017904034372 0.00664844500258551 0.00429696825017904
13 0.91419812366107700 0.89761279541656724 0.00664844500258551 0.00429696825017904
13 0.91519539041146492 0.88679875865361657 0.00664844500258551 0.00429696825017904
13 0.91560168427273403 0.87741704464072567 0.00664844500258551 0.00429696825017904
13 0.91489990396690557 0.86734304129863926 0.00664844500258551 0.00429696825017904
13 0.92361675408140653 0.86619718309859151 0.00664844500258551 0.00429696825017904
13 0.92509418630420326 0.85693482931487230 0.00664844500258551 0.00429696825017904
13 0.91460441752234611 0.85750775841489613 0.00664844500258551 0.00429696825017904
13 0.91604491393957299 0.84788732394366195 0.00664844500258551 0.00429696825017904
13 0.92697791238826921 0.84812604440200523 0.00664844500258551 0.00429696825017904
13 0.91634040038413234 0.83883981857245171 0.00664844500258551 0.00429696825017904
13 0.86595996158676225 0.76283122463595132 0.00664844500258551 0.00429696825017904
13 0.87523084878481194 0.75972785867748871 0.00664844500258551 0.00429696825017904
13 0.85964393883430601 0.75438052041059922 0.00664844500258551 0.00429696825017904
13 0.86644012705917117 0.75094294581045595 0.00664844500258551 0.00429696825017904
13 0.85661520277757253 0.74168059202673664 0.00664844500258551 0.00429696825017904
13 0.84956046391371798 0.74647887323943662 0.00664844500258551 0.00429696825017904
13 0.83748245549235434 0.74058247791835763 0.00664844500258551 0.00429696825017904
13 0.84317056955012193 0.73509190737646213 0.00664844500258551 0.00429696825017904
13 0.83105562532318833 0.72955359274289810 0.00664844500258551 0.00429696825017904
13 0.82636477801580854 0.73573645261398901 0.00664844500258551 0.00429696825017904
13 0.81299401639949764 0.73179756505132487 0.00664844500258551 0.00429696825017904
13 0.81602275245623102 0.72513726426354741 0.00664844500258551 0.00429696825017904
13 0.79910615350520797 0.72878968727619953 0.00664844500258551 0.00429696825017904
13 0.80195021053409177 0.72246359513010261 0.00664844500258551 0.00429696825017904
13 0.78521829061091819 0.72544760085939364 0.00664844500258551 0.00429696825017904
13 0.78832089827879148 0.71866793984244448 0.00664844500258551 0.00429696825017904
13 0.77506094407919035 0.71725948913821913 0.00664844500258551 0.00429696825017904
13 0.76372165176922513 0.72272618763428020 0.00664844500258551 0.00429696825017904
13 0.76268744921326737 0.71284316065886844 0.00664844500258551 0.00429696825017904
13 0.77217995124473660 0.71174504655048942 0.00664844500258551 0.00429696825017904
13 0.76047130087907222 0.70372403915015513 0.00664844500258551 0.00429696825017904
13 0.77114574868877894 0.70212461207925514 0.00664844500258551 0.00429696825017904
13 0.75736869321119893 0.69427070899976129 0.00664844500258551 0.00429696825017904
13 0.76826475585432519 0.69238481737884938 0.00664844500258551 0.00429696825017904
13 0.75426608554332575 0.68605872523275246 0.00664844500258551 0.00429696825017904
13 0.76482972593632270 0.68317020768679881 0.00664844500258551 0.00429696825017904
13 0.75024008273620446 0.67631893053234660 0.00664844500258551 0.00429696825017904
13 0.76091453054591118 0.67448078300310332 0.00664844500258551 0.00429696825017904
13 0.74743296151289063 0.66729529720697067 0.00664844500258551 0.00429696825017904
13 0.75596513259954201 0.66526617331105276 0.00664844500258551 0.00429696825017904
13 0.74237275614981157 0.65968011458581999 0.00664844500258551 0.00429696825017904
13 0.75097879884760288 0.65586058725232754 0.00664844500258551 0.00429696825017904
13 0.73649996306419441 0.65070422535211270 0.00664844500258551 0.00429696825017904
13 0.74532762059540514 0.64683695392695151 0.00664844500258551 0.00429696825017904
13 0.73904853364851886 0.63965146813081886 0.00664844500258551 0.00429696825017904
13 0.72962990322818944 0.64320840296013371 0.00664844500258551 0.00429696825017904
13 0.72268597178104454 0.63583194079732630 0.00664844500258551 0.00429696825017904
13 0.73129201447883574 0.63132012413463834 0.00664844500258551 0.00429696825017904
13 0.71489251680579158 0.62769157316782043 0.00664844500258551 0.00429696825017904
13 0.72401566078156165 0.62301265218429225 0.00664844500258551 0.00429696825017904
13 0.70783777794193692 0.62050608737168778 0.00664844500258551 0.00429696825017904
13 0.71518800325035092 0.61496777273812364 0.00664844500258551 0.00429696825017904
13 0.69838221171603754 0.61277154452136551 0.00664844500258551 0.00429696825017904
13 0.70610179508015070 0.60780615898782531 0.00664844500258551 0.00429696825017904
13 0.68936987515697712 0.60486989735020291 0.00664844500258551 0.00429696825017904
13 0.69653542143754155 0.60054905705418959 0.00664844500258551 0.00429696825017904
13 0.67987737312550789 0.59892575793745528 0.00664844500258551 0.00429696825017904
13 0.68593484523897463 0.59367390785390306 0.00664844500258551 0.00429696825017904
13 0.67518652581812810 0.58756266412031510 0.00664844500258551 0.00429696825017904
13 0.66964615498264013 0.59252804965385530 0.00664844500258551 0.00429696825017904
13 0.65889783556179360 0.58687037479111959 0.00664844500258551 0.00429696825017904
13 0.66469675703627096 0.58216758176175698 0.00664844500258551 0.00429696825017904
13 0.64641353327916085 0.58188111721174507 0.00664844500258551 0.00429696825017904
13 0.65221245475363820 0.57724994031988541 0.00664844500258551 0.00429696825017904
13 0.63548053483046463 0.57705896395321077 0.00664844500258551 0.00429696825017904
13 0.64061461180468349 0.57166388159465265 0.00664844500258551 0.00429696825017904
13 0.62329171899239122 0.57309620434471231 0.00664844500258551 0.00429696825017904
13 0.62842579596661008 0.56679398424444971 0.00664844500258551 0.00429696825017904
8 0.61978281746324893 0.56708044879446173 0.01551303833936618 0.01002625925041776
8 0.63315357907955971 0.57223681069467658 0.01551303833936618 0.01002625925041776
8 0.64452980719509489 0.57756027691573164 0.01551303833936618 0.01002625925041776
8 0.65594297111620004 0.58197660539508234 0.01551303833936618 0.01002625925041776
8 0.66757774987072471 0.58796848889949871 0.01551303833936618 0.01002625925041776
8 0.67806751865258186 0.59341131534972547 0.01551303833936618 0.01002625925041776
8 0.68815099357316978 0.59976127954165670 0.01551303833936618 0.01002625925041776
8 0.69760655979906927 0.60677966101694913 0.01551303833936618 0.01002625925041776
8 0.70684051119154911 0.61410837908808780 0.01551303833936618 0.01002625925041776
8 0.71588978355617938 0.62069706373836242 0.01551303833936618 0.01002625925041776
8 0.73132895028440570 0.63719264740988302 0.01551303833936618 0.01002625925041776
8 0.73753416562015217 0.64516591071854856 0.01551303833936618 0.01002625925041776
8 0.74366550934475883 0.65309142993554548 0.01551303833936618 0.01002625925041776
8 0.74913200856910689 0.66209119121508708 0.01551303833936618 0.01002625925041776
8 0.75489399423801429 0.67144903318214366 0.01551303833936618 0.01002625925041776
8 0.75766417965575827 0.68009071377417041 0.01551303833936618 0.01002625925041776
8 0.76228115535199825 0.68882788254953453 0.01551303833936618 0.01002625925041776
8 0.76460811110290317 0.69809023633325373 0.01551303833936618 0.01002625925041776
8 0.76660264460367877 0.70778228694199097 0.01551303833936618 0.01002625925041776
8 0.76808007682647561 0.71630460730484602 0.01551303833936618 0.01002625925041776
8 0.77982566299770995 0.72158032943423256 0.01551303833936618 0.01002625925041776
8 0.79375046169756958 0.72413463833850567 0.01551303833936618 0.01002625925041776
8 0.80819236167540809 0.72599665791358314 0.01551303833936618 0.01002625925041776
8 0.82244958262539702 0.72976844115540707 0.01551303833936618 0.01002625925041776
8 0.83556179360271843 0.73592742898066366 0.01551303833936618 0.01002625925041776
8 0.84826771071877083 0.74096443065170681 0.01551303833936618 0.01002625925041776
8 0.85838812144492871 0.74872284554786350 0.01551303833936618 0.01002625925041776
8 0.86673561350373052 0.75695870136070664 0.01551303833936618 0.01002625925041776
8 0.92191770702519027 0.84382907615182623 0.01551303833936618 0.01002625925041776
8 0.91914752160744628 0.85304368584387680 0.01551303833936618 0.01002625925041776
8 0.91940607224643567 0.86232991167343043 0.01551303833936618 0.01002625925041776
8 0.91881509935731698 0.87204583432800187 0.01551303833936618 0.01002625925041776
8 0.92032946738568366 0.88231081403676292 0.01551303833936618 0.01002625925041776
8 0.92095737608037231 0.96371449033182144 0.01551303833936618 0.01002625925041776
8 0.91996010932998451 0.97278586774886611 0.01551303833936618 0.01002625925041776
8 0.91970155869099501 0.98207209357841962 0.01551303833936618 0.01002625925041776
8 0.91807638324591856 0.99128670327047030 0.01551303833936618 0.01002625925041776
8 0.10460220137401197 0.99372165194557172 0.01551303833936618 0.01002625925041776
8 0.10345719140134446 0.98374313678682268 0.01551303833936618 0.01002625925041776
8 0.10419590751274285 0.97352590116973026 0.01551303833936618 0.01002625925041776
8 0.10338331979020463 0.96311768918596319 0.01551303833936618 0.01002625925041776
8 0.11313437246066337 0.95500119360229174 0.01551303833936618 0.01002625925041776
8 0.11583068626726749 0.94447362138935309 0.01551303833936618 0.01002625925041776
8 0.12920144788357835 0.92726187634280255 0.01551303833936618 0.01002625925041776
8 0.13256260619044102 0.91852470756743854 0.01551303833936618 0.01002625925041776
8 0.13721651769225088 0.90876104082119835 0.01551303833936618 0.01002625925041776
8 0.12244219546428307 0.90790164717116262 0.01551303833936618 0.01002625925041776
8 0.10748319420846569 0.89713535449988069 0.01551303833936618 0.01002625925041776
8 0.10748319420846569 0.88651229410360466 0.01551303833936618 0.01002625925041776
8 0.10763093743074537 0.87734542850322272 0.01551303833936618 0.01002625925041776
8 0.10674447809706730 0.86827405108617806 0.01551303833936618 0.01002625925041776
8 0.10785255226416487 0.85841489615660060 0.01551303833936618 0.01002625925041776
8 0.10921917707025190 0.84027214132251138 0.01551303833936618 0.01002625925041776
8 0.10932998448696166 0.84884220577703506 0.01551303833936618 0.01002625925041776
8 0.12491689443746769 0.83953210790164712 0.01551303833936618 0.01002625925041776
8 0.13980202408214523 0.83931725948913827 0.01551303833936618 0.01002625925041776
8 0.14283076013887863 0.81895440439245648 0.01551303833936618 0.01002625925041776
8 0.13714264608111104 0.79481976605395077 0.01551303833936618 0.01002625925041776
8 0.14050380438797369 0.78479350680353310 0.01551303833936618 0.01002625925041776
8 0.14622885425131121 0.77636667462401532 0.01551303833936618 0.01002625925041776
8 0.15465021792125286 0.76820243494867513 0.01551303833936618 0.01002625925041776
8 0.16565708798108886 0.76120792551921701 0.01551303833936618 0.01002625925041776
8 0.17662702223535495 0.75375984721890665 0.01551303833936618 0.01002625925041776
8 0.18840954421215927 0.74681308188111717 0.01551303833936618 0.01002625925041776
8 0.20126320455049124 0.74165671998090232 0.01551303833936618 0.01002625925041776
8 0.21481864519465169 0.73659584626402486 0.01551303833936618 0.01002625925041776
8 0.22866957228337151 0.73186918118882793 0.01551303833936618 0.01002625925041776
8 0.24436728965058727 0.72957746478873242 0.01551303833936618 0.01002625925041776
8 0.25655610548866070 0.72375268560515638 0.01551303833936618 0.01002625925041776
8 0.25755337223904856 0.71410837908808789 0.01551303833936618 0.01002625925041776
8 0.26549457043658120 0.68052041059918833 0.01551303833936618 0.01002625925041776
8 0.26663958040924873 0.67042253521126760 0.01551303833936618 0.01002625925041776
8 0.27107187707763908 0.66175698257340654 0.01551303833936618 0.01002625925041776
8 0.27738789983009532 0.65352112676056340 0.01551303833936618 0.01002625925041776
8 0.28566152027775726 0.64526139890188594 0.01551303833936618 0.01002625925041776
8 0.29315948880845089 0.63738362377655766 0.01551303833936618 0.01002625925041776
8 0.30080520056142424 0.62976844115540698 0.01551303833936618 0.01002625925041776
8 0.30941124325921548 0.62236810694676536 0.01551303833936618 0.01002625925041776
8 0.31956858979094332 0.61487228455478637 0.01551303833936618 0.01002625925041776
8 0.32854399054443378 0.60802100740033416 0.01551303833936618 0.01002625925041776
8 0.33829504321489251 0.60085939365003582 0.01551303833936618 0.01002625925041776
8 0.34848932555219031 0.59479589400811650 0.01551303833936618 0.01002625925041776
8 0.36012410430671493 0.58854141799952253 0.01551303833936618 0.01002625925041776
8 0.37220211272807863 0.58231081403676299 0.01551303833936618 0.01002625925041776
8 0.38568368176109918 0.57708283599904509 0.01551303833936618 0.01002625925041776
8 0.39776169018246288 0.57235617092384816 0.01551303833936618 0.01002625925041776
15 0.60873901159784294 0.23829076151826212 0.00923395139247987 0.00596801145858200
15 0.59407549678658489 0.23036524230126521 0.00923395139247987 0.00596801145858200
15 0.62680062052153362 0.22310814036762949 0.00923395139247987 0.00596801145858200
15 0.60947772770924136 0.21601814275483408 0.00923395139247987 0.00596801145858200
15 0.61435325404447072 0.15951301026497972 0.00923395139247987 0.00596801145858200
15 0.59935731698308337 0.14612079255192170 0.00923395139247987 0.00596801145858200
15 0.61549826401713825 0.13690618285987108 0.00923395139247987 0.00596801145858200
15 0.57933811036418703 0.13470995464311292 0.00923395139247987 0.00596801145858200
15 0.59178547684124994 0.12339460491764144 0.00923395139247987 0.00596801145858200
15 0.55640097510526709 0.12580568154690858 0.00923395139247987 0.00596801145858200
15 0.48522567777203218 0.12878968727619958 0.00923395139247987 0.00596801145858200
15 0.46502179212528627 0.13719264740988302 0.00923395139247987 0.00596801145858200
15 0.45275910467607300 0.12723800429696824 0.00923395139247987 0.00596801145858200
15 0.44603678806234764 0.15048937693960374 0.00923395139247987 0.00596801145858200
15 0.43126246583437983 0.14239675340176652 0.00923395139247987 0.00596801145858200
15 0.43462362414124250 0.16677011219861543 0.00923395139247987 0.00596801145858200
15 0.43835414050380439 0.21272380042969682 0.00923395139247987 0.00596801145858200
15 0.45135554406441603 0.24413941274767248 0.00923395139247987 0.00596801145858200
15 0.46516953534756594 0.23401766531391741 0.00923395139247987 0.00596801145858200
15 0.59902489473295417 0.70346144664597754 0.00923395139247987 0.00596801145858200
15 0.62916451207800839 0.67285748388636901 0.00923395139247987 0.00596801145858200
15 0.63869394991504769 0.63611840534733821 0.00923395139247987 0.00596801145858200
15 0.62273768190884238 0.59897350202912392 0.00923395139247987 0.00596801145858200
15 0.58543251828322374 0.57166388159465265 0.00923395139247987 0.00596801145858200
15 0.48396986038265494 0.55674385294819762 0.00923395139247987 0.00596801145858200
15 0.40019945335007756 0.59276677011219858 0.00923395139247987 0.00596801145858200
15 0.37892442934180393 0.62714251611363092 0.00923395139247987 0.00596801145858200
15 0.38232252345423656 0.66349964191931243 0.00923395139247987 0.00596801145858200
15 0.40784516510305091 0.69742181904989253 0.00923395139247987 0.00596801145858200
4 0.89140873162443668 0.99470040582477914 0.00701780305828470 0.00453568870852232
4 0.89140873162443668 0.98906660300787774 0.00701780305828470 0.00453568870852232
4 0.89096550195759772 0.98369539269515394 0.00701780305828470 0.00453568870852232
4 0.89273842062495379 0.97841967056576751 0.00701780305828470 0.00453568870852232
4 0.89366181576420178 0.97264263547386010 0.00701780305828470 0.00453568870852232
4 0.89388343059762132 0.96734304129863924 0.00701780305828470 0.00453568870852232
4 0.84516510305089754 0.76638815946526617 0.00701780305828470 0.00453568870852232
4 0.84043731993794790 0.76170923848173788 0.00701780305828470 0.00453568870852232
4 0.83452759104676077 0.75767486273573648 0.00701780305828470 0.00453568870852232
4 0.82839624732215411 0.75461924086894250 0.00701780305828470 0.00453568870852232
4 0.82023343429120188 0.75156361900214852 0.00701780305828470 0.00453568870852232
4 0.81306788801063756 0.74958223919789924 0.00701780305828470 0.00453568870852232
4 0.80490507497968533 0.74736213893530679 0.00701780305828470 0.00453568870852232
4 0.79677919775430306 0.74456910957269040 0.00701780305828470 0.00453568870852232
4 0.78894880697348013 0.74170446407257107 0.00701780305828470 0.00453568870852232
4 0.78100760877594744 0.73936500358080692 0.00701780305828470 0.00453568870852232
4 0.77302947477284478 0.73817140128909042 0.00701780305828470 0.00453568870852232
4 0.76516214818645190 0.73762234423490092 0.00701780305828470 0.00453568870852232
4 0.75611287582182163 0.73616614943900693 0.00701780305828470 0.00453568870852232
4 0.74610327251237352 0.73375507280973984 0.00701780305828470 0.00453568870852232
4 0.74078451651030508 0.72575793745523987 0.00701780305828470 0.00453568870852232
4 0.74074758070473512 0.72057770350919070 0.00701780305828470 0.00453568870852232
4 0.73904853364851886 0.71422773931725947 0.00701780305828470 0.00453568870852232
4 0.73675851370318390 0.70785390307949392 0.00701780305828470 0.00453568870852232
4 0.73605673339735544 0.70164717116256858 0.00701780305828470 0.00453568870852232
4 0.73424687892442930 0.69637144903318215 0.00701780305828470 0.00453568870852232
4 0.73295412572948215 0.69040343757460010 0.00701780305828470 0.00453568870852232
4 0.73162443672896504 0.68498448317020766 0.00701780305828470 0.00453568870852232
4 0.72918667356135036 0.67908808784912866 0.00701780305828470 0.00453568870852232
4 0.72564083622663811 0.67290522797803776 0.00701780305828470 0.00453568870852232
4 0.72198419147521609 0.66793984244449744 0.00701780305828470 0.00453568870852232
4 0.71836448252936391 0.66204344712341845 0.00701780305828470 0.00453568870852232
4 0.71467090197237204 0.65693482931487224 0.00701780305828470 0.00453568870852232
4 0.71082957819310044 0.65144425877297685 0.00701780305828470 0.00453568870852232
4 0.70639728152471004 0.64583432800190976 0.00701780305828470 0.00453568870852232
4 0.70329467385683686 0.64003342086416803 0.00701780305828470 0.00453568870852232
4 0.69856689074388711 0.63473382668894729 0.00701780305828470 0.00453568870852232
4 0.69328507054738864 0.63010264979708763 0.00701780305828470 0.00453568870852232
4 0.68885277387899835 0.62616376223442349 0.00701780305828470 0.00453568870852232
4 0.68290610918224126 0.62148484125089520 0.00701780305828470 0.00453568870852232
4 0.67773509640245255 0.61628073525901172 0.00701780305828470 0.00453568870852232
4 0.67053261431631828 0.61191215087132966 0.00701780305828470 0.00453568870852232
4 0.66373642609145300 0.60778228694199088 0.00701780305828470 0.00453568870852232
4 0.65642313658860896 0.60446407257101931 0.00701780305828470 0.00453568870852232
4 0.64848193839107626 0.60028646455001189 0.00701780305828470 0.00453568870852232
4 0.64127945630494199 0.59637144903318218 0.00701780305828470 0.00453568870852232
4 0.36226638102977027 0.61057531630460726 0.00701780305828470 0.00453568870852232
4 0.35702149663884170 0.61484841250895206 0.00701780305828470 0.00453568870852232
4 0.35059466646967569 0.61928861303413707 0.00701780305828470 0.00453568870852232
4 0.34387234985595033 0.62396753401766536 0.00701780305828470 0.00453568870852232
4 0.33763019871463396 0.62850322272618764 0.00701780305828470 0.00453568870852232
4 0.33138804757331758 0.63299116734304128 0.00701780305828470 0.00453568870852232
4 0.32684494348821747 0.63700167104320837 0.00701780305828470 0.00453568870852232
4 0.32167393070842876 0.64146574361422770 0.00701780305828470 0.00453568870852232
4 0.31834970820713598 0.64550011936022922 0.00701780305828470 0.00453568870852232
4 0.31480387087242373 0.64929577464788735 0.00701780305828470 0.00453568870852232
4 0.31125803353771148 0.65428503222726186 0.00701780305828470 0.00453568870852232
4 0.30641944300805202 0.65905944139412753 0.00701780305828470 0.00453568870852232
4 0.30379700081258770 0.66380997851515877 0.00701780305828470 0.00453568870852232
4 0.29338110364187042 0.74120315111005008 0.00701780305828470 0.00453568870852232
4 0.28857944891778092 0.74370971592265456 0.00701780305828470 0.00453568870852232
4 0.28067518652581813 0.74421102888517543 0.00701780305828470 0.00453568870852232
4 0.27232769446701632 0.74502267844354264 0.00701780305828470 0.00453568870852232
4 0.26276132082440717 0.74695631415612318 0.00701780305828470 0.00453568870852232
4 0.25511560907143382 0.74857961327285749 0.00701780305828470 0.00453568870852232
4 0.23856836817610991 0.75251850083552163 0.00701780305828470 0.00453568870852232
4 0.23132895028440570 0.75397469563141561 0.00701780305828470 0.00453568870852232
4 0.22442195464283077 0.75574122702315594 0.00701780305828470 0.00453568870852232
4 0.21725640836226637 0.75779422296490806 0.00701780305828470 0.00453568870852232
4 0.21057102755411095 0.76073048460253045 0.00701780305828470 0.00453568870852232
4 0.20458742705178401 0.76412031511100498 0.00701780305828470 0.00453568870852232
4 0.19834527591046761 0.76729529720697065 0.00701780305828470 0.00453568870852232
4 0.19239861121371057 0.77073287180711392 0.00701780305828470 0.00453568870852232
4 0.18678436876708282 0.77474337550728101 0.00701780305828470 0.00453568870852232
4 0.18187190662628352 0.77892098352828842 0.00701780305828470 0.00453568870852232
4 0.17596217773509640 0.78281212699928382 0.00701780305828470 0.00453568870852232
4 0.17193617492797517 0.78734781570780621 0.00701780305828470 0.00453568870852232
4 0.16957228337150032 0.79271902602052990 0.00701780305828470 0.00453568870852232
4 0.16683903375932629 0.79703986631654333 0.00701780305828470 0.00453568870852232
4 0.16816872275984340 0.80076390546669851 0.00701780305828470 0.00453568870852232
4 0.17581443451281673 0.80274528527094768 0.00701780305828470 0.00453568870852232
4 0.17633153579079561 0.81002625925041771 0.00701780305828470 0.00453568870852232
4 0.17455861712343945 0.81554070183814753 0.00701780305828470 0.00453568870852232
4 0.17322892812292237 0.82129386488422063 0.00701780305828470 0.00453568870852232
4 0.17130826623328654 0.83153497254714726 0.00701780305828470 0.00453568870852232
4 0.16953534756593042 0.84304129863929333 0.00701780305828470 0.00453568870852232
4 0.16879663145453203 0.84814991644783955 0.00701780305828470 0.00453568870852232
4 0.16776242889857429 0.85514442587729766 0.00701780305828470 0.00453568870852232
4 0.15841767008938465 0.85956075435664836 0.00701780305828470 0.00453568870852232
4 0.14892516805791534 0.85886846502745284 0.00701780305828470 0.00453568870852232
4 0.14068848341582330 0.85841489615660060 0.00701780305828470 0.00453568870852232
4 0.13392923099652804 0.85805681546908574 0.00701780305828470 0.00453568870852232
4 0.13448326808007682 0.86471711625686321 0.00701780305828470 0.00453568870852232
4 0.13433552485779715 0.87015994270708996 0.00701780305828470 0.00453568870852232
4 0.13452020388564676 0.87615182621150633 0.00701780305828470 0.00453568870852232
4 0.13367068035753860 0.88214370971592271 0.00701780305828470 0.00453568870852232
4 0.13300583585728004 0.88722845547863449 0.00701780305828470 0.00453568870852232
4 0.13285809263500037 0.89279064215803294 0.00701780305828470 0.00453568870852232
4 0.14452980719509492 0.89345905944139414 0.00701780305828470 0.00453568870852232
4 0.15287729925389673 0.89324421102888518 0.00701780305828470 0.00453568870852232
4 0.16174189259067739 0.89529720697063742 0.00701780305828470 0.00453568870852232
4 0.16417965575829208 0.89961804726665073 0.00701780305828470 0.00453568870852232
4 0.16340400384132378 0.90484602530436864 0.00701780305828470 0.00453568870852232
4 0.16129866292383838 0.91033659584626403 0.00701780305828470 0.00453568870852232
4 0.16052301100687005 0.91544521365481024 0.00701780305828470 0.00453568870852232
4 0.16104011228484894 0.92100740033420869 0.00701780305828470 0.00453568870852232
4 0.16030139617345054 0.92656958701360703 0.00701780305828470 0.00453568870852232
4 0.15952574425648222 0.93248985438052046 0.00701780305828470 0.00453568870852232
4 0.15686636625544803 0.93786106469324426 0.00701780305828470 0.00453568870852232
4 0.14962694836374382 0.94117927906421583 0.00701780305828470 0.00453568870852232
4 0.14626579005688115 0.94635951301026500 0.00701780305828470 0.00453568870852232
4 0.14408657752825590 0.95144425877297689 0.00701780305828470 0.00453568870852232
4 0.14353254044470709 0.95614705180233950 0.00701780305828470 0.00453568870852232
4 0.14238753047203959 0.96132728574838866 0.00701780305828470 0.00453568870852232
4 0.14091009824924280 0.96665075196944383 0.00701780305828470 0.00453568870852232
4 0.13817684863706878 0.97175936977798993 0.00701780305828470 0.00453568870852232
4 0.13396616680209794 0.97452852709477200 0.00701780305828470 0.00453568870852232
4 0.13378148777424836 0.97942229649080925 0.00701780305828470 0.00453568870852232
4 0.13256260619044102 0.98567677249940322 0.00701780305828470 0.00453568870852232
4 0.13223018394031175 0.99133444736213894 0.00701780305828470 0.00453568870852232
4 0.13130678880106375 0.99656242539985673 0.00701780305828470 0.00453568870852232
9 0.58919997045135553 0.24141799952255907 0.01034202555957746 0.00668417283361184
9 0.61021644382063978 0.22613989018858915 0.01034202555957746 0.00668417283361184
9 0.62391962768707987 0.21124373358796850 0.01034202555957746 0.00668417283361184
9 0.61645859496195610 0.14836476486034852 0.01034202555957746 0.00668417283361184
9 0.59799069217699641 0.13447123418476964 0.01034202555957746 0.00668417283361184
9 0.57350225308413971 0.12396753401766532 0.01034202555957746 0.00668417283361184
9 0.46875230848784810 0.12714251611363095 0.01034202555957746 0.00668417283361184
9 0.44758809189628423 0.13852948197660539 0.01034202555957746 0.00668417283361184
9 0.42930486813917412 0.15566961088565290 0.01034202555957746 0.00668417283361184
9 0.44655388934032653 0.23232275005968012 0.01034202555957746 0.00668417283361184
9 0.61147226121001697 0.69302936261637627 0.01034202555957746 0.00668417283361184
9 0.62188815838073430 0.69150155168297922 0.01034202555957746 0.00668417283361184
9 0.60932998448696163 0.68727619957030317 0.01034202555957746 0.00668417283361184
9 0.62000443229666835 0.68510384339937935 0.01034202555957746 0.00668417283361184
9 0.63533279160818501 0.65972785867748862 0.01034202555957746 0.00668417283361184
9 0.64356947625027705 0.65535927428980667 0.01034202555957746 0.00668417283361184
9 0.63012484302282634 0.65392695153974700 0.01034202555957746 0.00668417283361184
9 0.63765974735908992 0.64991644783957980 0.01034202555957746 0.00668417283361184
9 0.63440939646893701 0.62148484125089520 0.01034202555957746 0.00668417283361184
9 0.62654206988254413 0.61776080210074003 0.01034202555957746 0.00668417283361184
9 0.63862007830390777 0.61546908570064451 0.01034202555957746 0.00668417283361184
9 0.63053113688409546 0.61207925519216999 0.01034202555957746 0.00668417283361184
9 0.61077048090418851 0.58675101456194800 0.01034202555957746 0.00668417283361184
9 0.56670606485927455 0.56445452375268557 0.01034202555957746 0.00668417283361184
9 0.55747211346679471 0.56634041537359747 0.01034202555957746 0.00668417283361184
9 0.56400975105267048 0.55843876820243499 0.01034202555957746 0.00668417283361184
9 0.55363078968752311 0.56127954165672000 0.01034202555957746 0.00668417283361184
9 0.51100687005983603 0.56006206731916930 0.01034202555957746 0.00668417283361184
9 0.51632562606190446 0.55535927428980658 0.01034202555957746 0.00668417283361184
9 0.50812587722538227 0.55213654810217239 0.01034202555957746 0.00668417283361184
9 0.50210534091748538 0.55660062067319171 0.01034202555957746 0.00668417283361184
9 0.45371943562089090 0.55891620911912154 0.01034202555957746 0.00668417283361184
9 0.46195612026298294 0.56013368345667225 0.01034202555957746 0.00668417283361184
9 0.45937061387308858 0.56617331105275726 0.01034202555957746 0.00668417283361184
9 0.45021053409174855 0.56438290761518262 0.01034202555957746 0.00668417283361184
9 0.42018172416340399 0.57713058009071383 0.01034202555957746 0.00668417283361184
9 0.41050454310408507 0.57798997374074956 0.01034202555957746 0.00668417283361184
9 0.41929526482972596 0.58429219384101216 0.01034202555957746 0.00668417283361184
9 0.40980276279825661 0.58402960133683457 0.01034202555957746 0.00668417283361184
9 0.39266454901381398 0.61033659584626399 0.01034202555957746 0.00668417283361184
9 0.38934032651252126 0.60343757460014325 0.01034202555957746 0.00668417283361184
9 0.38121444928713893 0.60577703509190739 0.01034202555957746 0.00668417283361184
9 0.38346753342690404 0.61281928861303414 0.01034202555957746 0.00668417283361184
9 0.37681908842431855 0.64060634996419197 0.01034202555957746 0.00668417283361184
9 0.38416931373273250 0.64464072571019337 0.01034202555957746 0.00668417283361184
9 0.37035532244958264 0.64554786345189785 0.01034202555957746 0.00668417283361184
9 0.37807490581369579 0.64960611124373357 0.01034202555957746 0.00668417283361184
9 0.38915564748467163 0.67732155645738845 0.01034202555957746 0.00668417283361184
9 0.38590529659451872 0.68350441632847936 0.01034202555957746 0.00668417283361184
9 0.39827879146044176 0.67915970398663161 0.01034202555957746 0.00668417283361184
9 0.39550860604269777 0.68577226068274055 0.01034202555957746 0.00668417283361184
6 0.40396690551820935 0.19085700644545237 0.00812587722538229 0.00525185008355216
6 0.42945261136145380 0.19071377417044641 0.00812587722538229 0.00525185008355216
6 0.51876338922951915 0.12418238243017427 0.00812587722538229 0.00525185008355216
6 0.50480165472408955 0.11780854619240869 0.00812587722538229 0.00525185008355216
6 0.53213415084582993 0.11675817617569825 0.00812587722538229 0.00525185008355216
6 0.51747063603457188 0.10890427309620435 0.00812587722538229 0.00525185008355216
6 0.61985668907438873 0.18228694199092862 0.00812587722538229 0.00525185008355216
6 0.63056807268966542 0.19164478395798520 0.00812587722538229 0.00525185008355216
6 0.64364334786141686 0.18228694199092862 0.00812587722538229 0.00525185008355216
6 0.63012484302282634 0.17300071616137502 0.00812587722538229 0.00525185008355216
2 0.85125951096993424 0.76624492719026016 0.00886459333678068 0.00572929100023872
2 0.84656866366255445 0.76149439006922892 0.00886459333678068 0.00572929100023872
2 0.84058506316022752 0.75688708522320358 0.00886459333678068 0.00572929100023872
2 0.83353032429637286 0.75311530198137977 0.00886459333678068 0.00572929100023872
2 0.82614316318238901 0.75013129625208885 0.00886459333678068 0.00572929100023872
2 0.81816502917928635 0.74767247553115301 0.00886459333678068 0.00572929100023872
2 0.80974366550934473 0.74509429458104559 0.00886459333678068 0.00572929100023872
2 0.80169165989510227 0.74294581045595609 0.00886459333678068 0.00572929100023872
2 0.79448917780896799 0.74036762950584867 0.00886459333678068 0.00572929100023872
2 0.78695427347270441 0.73721651945571731 0.00886459333678068 0.00572929100023872
2 0.77897613946960187 0.73552160420148005 0.00886459333678068 0.00572929100023872
2 0.76940976582699272 0.73451897827643831 0.00886459333678068 0.00572929100023872
2 0.76150550343502987 0.73382668894724279 0.00886459333678068 0.00572929100023872
2 0.75278865332052891 0.73272857483886367 0.00886459333678068 0.00572929100023872
2 0.74710053926276132 0.72871807113869658 0.00886459333678068 0.00572929100023872
2 0.74580778606781417 0.72275005968011463 0.00886459333678068 0.00572929100023872
2 0.74447809706729706 0.71654332776318930 0.00886459333678068 0.00572929100023872
2 0.74348083031690926 0.70995464311291478 0.00886459333678068 0.00572929100023872
2 0.74137548939942377 0.70358080687514923 0.00886459333678068 0.00572929100023872
2 0.73978724975991728 0.69768441155407024 0.00886459333678068 0.00572929100023872
2 0.73842062495383021 0.69216996896634042 0.00886459333678068 0.00572929100023872
2 0.73690625692546352 0.68689424683695388 0.00886459333678068 0.00572929100023872
2 0.73446849375784884 0.68114108379088090 0.00886459333678068 0.00572929100023872
2 0.73228928122922365 0.67431367868226311 0.00886459333678068 0.00572929100023872
2 0.72841102164438210 0.66856051563619001 0.00886459333678068 0.00572929100023872
2 0.72519760655979904 0.66318930532346620 0.00886459333678068 0.00572929100023872
2 0.72131934697495748 0.65753163046073049 0.00886459333678068 0.00572929100023872
2 0.71696092191770699 0.65225590833134395 0.00886459333678068 0.00572929100023872
2 0.71371057102755409 0.64662210551444255 0.00886459333678068 0.00572929100023872
2 0.70916746694245403 0.64125089520171874 0.00886459333678068 0.00572929100023872
2 0.70462436285735397 0.63559322033898302 0.00886459333678068 0.00572929100023872
2 0.69912092782743596 0.63022201002625922 0.00886459333678068 0.00572929100023872
2 0.69387604343650733 0.62530436858438765 0.00886459333678068 0.00572929100023872
2 0.68863115904557881 0.62041059918835040 0.00886459333678068 0.00572929100023872
2 0.68294304498781122 0.61589878252566244 0.00886459333678068 0.00572929100023872
2 0.67681170126320456 0.61210312723800431 0.00886459333678068 0.00572929100023872
2 0.66983083401048982 0.60718548579613274 0.00886459333678068 0.00572929100023872
2 0.66262835192435543 0.60319885414179997 0.00886459333678068 0.00572929100023872
2 0.65549974144936096 0.59897350202912392 0.00886459333678068 0.00572929100023872
2 0.64833419516879665 0.59524946287896874 0.00886459333678068 0.00572929100023872
2 0.64098396986038264 0.59193124850799717 0.00886459333678068 0.00572929100023872
2 0.37050306567186231 0.60219622821675822 0.00886459333678068 0.00572929100023872
2 0.36230331683534017 0.60646932442110291 0.00886459333678068 0.00572929100023872
2 0.35643052374972301 0.61059918835044158 0.00886459333678068 0.00572929100023872
2 0.35044692324739601 0.61475292432561468 0.00886459333678068 0.00572929100023872
2 0.34398315727266010 0.61921699689663401 0.00886459333678068 0.00572929100023872
2 0.33703922582551527 0.62370494151348765 0.00886459333678068 0.00572929100023872
2 0.33072320307305902 0.62840773454285037 0.00886459333678068 0.00572929100023872
2 0.32640171382137845 0.63270470279302937 0.00886459333678068 0.00572929100023872
2 0.32067666395804090 0.63724039150155165 0.00886459333678068 0.00572929100023872
2 0.31690921178990916 0.64113153497254716 0.00886459333678068 0.00572929100023872
2 0.31299401639949770 0.64502267844354266 0.00886459333678068 0.00572929100023872
2 0.30918962842579595 0.64939126283122461 0.00886459333678068 0.00572929100023872
2 0.30542217625766416 0.65471472905227979 0.00886459333678068 0.00572929100023872
2 0.59824924281598579 0.24129863929338743 0.00886459333678068 0.00572929100023872
2 0.59045578784073283 0.23626163762234423 0.00886459333678068 0.00572929100023872
2 0.60319864076235508 0.22735736452613989 0.00886459333678068 0.00572929100023872
2 0.61132451798773735 0.23146335640964430 0.00886459333678068 0.00572929100023872
2 0.61767747654576344 0.22611601814275484 0.00886459333678068 0.00572929100023872
2 0.60899756223683243 0.22215325853425638 0.00886459333678068 0.00572929100023872
2 0.62709610696609297 0.21546908570064455 0.00886459333678068 0.00572929100023872
2 0.61697569623993498 0.21312962520888040 0.00886459333678068 0.00572929100023872
2 0.62111250646376592 0.20763905466698496 0.00886459333678068 0.00572929100023872
2 0.62931225530028811 0.20933396992122225 0.00886459333678068 0.00572929100023872
2 0.61442712565561053 0.15316304607304845 0.00886459333678068 0.00572929100023872
2 0.62310703996454164 0.15008355216042016 0.00886459333678068 0.00572929100023872
2 0.60899756223683243 0.14736213893530675 0.00886459333678068 0.00572929100023872
2 0.61760360493462363 0.14416328479350679 0.00886459333678068 0.00572929100023872
2 0.59082514589643198 0.13459059441394128 0.00886459333678068 0.00572929100023872
2 0.59854472926054514 0.13998567677249940 0.00886459333678068 0.00572929100023872
2 0.60571027554110957 0.13482931487228456 0.00886459333678068 0.00572929100023872
2 0.59854472926054514 0.12921938410121747 0.00886459333678068 0.00572929100023872
2 0.56563492649774694 0.12520888040105038 0.00886459333678068 0.00572929100023872
2 0.57601388786289431 0.12890904750537122 0.00886459333678068 0.00572929100023872
2 0.58055699194799437 0.12315588445929816 0.00886459333678068 0.00572929100023872
2 0.57202482086134299 0.11924086894246837 0.00886459333678068 0.00572929100023872
2 0.47528994607372388 0.12845547863451898 0.00886459333678068 0.00572929100023872
2 0.47004506168279531 0.12296490809262353 0.00886459333678068 0.00572929100023872
2 0.46173450542956340 0.12640248269276677 0.00886459333678068 0.00572929100023872
2 0.46742261948733099 0.13213177369300549 0.00886459333678068 0.00572929100023872
2 0.44817906478540298 0.13478157078061589 0.00886459333678068 0.00572929100023872
2 0.45493831720469824 0.13857722606827405 0.00886459333678068 0.00572929100023872
2 0.43983157272660117 0.13915015516829793 0.00886459333678068 0.00572929100023872
2 0.44758809189628423 0.14402005251850084 0.00886459333678068 0.00572929100023872
2 0.43576863411391004 0.15459536882310815 0.00886459333678068 0.00572929100023872
2 0.42793824333308711 0.15118166626879923 0.00886459333678068 0.00572929100023872
2 0.43137327325108960 0.16020529959417523 0.00886459333678068 0.00572929100023872
2 0.43990544433774098 0.23210790164717116 0.00886459333678068 0.00572929100023872
2 0.44707099061830541 0.23755072809739794 0.00886459333678068 0.00572929100023872
2 0.45375637142646080 0.23232275005968012 0.00886459333678068 0.00572929100023872
2 0.44688631159045578 0.22716638815946527 0.00886459333678068 0.00572929100023872
2 0.39886976434956045 0.69715922654571494 0.00886459333678068 0.00572929100023872
2 0.40370835487921991 0.70171878730007164 0.00886459333678068 0.00572929100023872
2 0.41283149885499004 0.70253043685843874 0.00886459333678068 0.00572929100023872
2 0.41641427199527220 0.69692050608737166 0.00886459333678068 0.00572929100023872
2 0.41135406663219326 0.69162091191215092 0.00886459333678068 0.00572929100023872
2 0.40267415232326215 0.69174027214132250 0.00886459333678068 0.00572929100023872
2 0.39015291423505949 0.66595846264024827 0.00886459333678068 0.00572929100023872
2 0.38350446923247394 0.66996896634041536 0.00886459333678068 0.00572929100023872
2 0.37441826106227377 0.66813081881117209 0.00886459333678068 0.00572929100023872
2 0.37246066336706801 0.66125566961088567 0.00886459333678068 0.00572929100023872
2 0.38823225234542363 0.65968011458581999 0.00886459333678068 0.00572929100023872
2 0.37933072320307304 0.65655287658152306 0.00886459333678068 0.00572929100023872
2 0.38165767895397801 0.63418476963475767 0.00886459333678068 0.00572929100023872
2 0.37194356208908919 0.63313439961804729 0.00886459333678068 0.00572929100023872
2 0.36895176183792566 0.62788254953449507 0.00886459333678068 0.00572929100023872
2 0.37161113983895988 0.62212938648842209 0.00886459333678068 0.00572929100023872
2 0.38014331092561127 0.62005251850083554 0.00886459333678068 0.00572929100023872
2 0.39621038634852629 0.59732633086655529 0.00886459333678068 0.00572929100023872
2 0.39174115387456598 0.59140606349964187 0.00886459333678068 0.00572929100023872
2 0.39923912240525966 0.58739555979947478 0.00886459333678068 0.00572929100023872
2 0.42956341877816356 0.57230842683217953 0.00886459333678068 0.00572929100023872
2 0.43104085100096035 0.56665075196944381 0.00886459333678068 0.00572929100023872
2 0.43960995789318164 0.56571974218190502 0.00886459333678068 0.00572929100023872
2 0.48035015143680282 0.56306994509429453 0.00886459333678068 0.00572929100023872
2 0.47255669646154985 0.55862974456910952 0.00886459333678068 0.00572929100023872
2 0.47946369210312478 0.55225590833134397 0.00886459333678068 0.00572929100023872
2 0.48903006574573393 0.55459536882310811 0.00886459333678068 0.00572929100023872
2 0.48936248799586318 0.56087371687753640 0.00886459333678068 0.00572929100023872
2 0.53479352884686415 0.56206731916925279 0.00886459333678068 0.00572929100023872
2 0.52762798256629972 0.55609930771067084 0.00886459333678068 0.00572929100023872
2 0.53715742040333903 0.55356887085223205 0.00886459333678068 0.00572929100023872
2 0.54421215926719357 0.55898782525662449 0.00886459333678068 0.00572929100023872
2 0.57678953977986258 0.57405108617808542 0.00886459333678068 0.00572929100023872
2 0.57582920883504474 0.56836953926951539 0.00886459333678068 0.00572929100023872
2 0.58517396764423435 0.56619718309859157 0.00886459333678068 0.00572929100023872
2 0.59252419295264824 0.57039866316543331 0.00886459333678068 0.00572929100023872
2 0.59285661520277755 0.57507758414896160 0.00886459333678068 0.00572929100023872
2 0.58417670089384655 0.57791835760324661 0.00886459333678068 0.00572929100023872
2 0.61804683460146270 0.60398663165433275 0.00886459333678068 0.00572929100023872
2 0.61269114279382431 0.59875865361661496 0.00886459333678068 0.00572929100023872
2 0.61612617271182679 0.59319646693721650 0.00886459333678068 0.00572929100023872
2 0.62569254635443594 0.59410360467892098 0.00886459333678068 0.00572929100023872
2 0.62982935657826700 0.59961804726665080 0.00886459333678068 0.00572929100023872
2 0.62628351924355474 0.60486989735020291 0.00886459333678068 0.00572929100023872
2 0.64571175297333239 0.63886369061828596 0.00886459333678068 0.00572929100023872
2 0.64523158750092335 0.63287180711386970 0.00886459333678068 0.00572929100023872
2 0.63736426091453058 0.62924325614705179 0.00886459333678068 0.00572929100023872
2 0.63078968752308484 0.63334924803055626 0.00886459333678068 0.00572929100023872
2 0.63008790721725638 0.63893530675578902 0.00886459333678068 0.00572929100023872
2 0.63817684863706881 0.64299355454762475 0.00886459333678068 0.00572929100023872
2 0.62436285735391894 0.67806158987825260 0.00886459333678068 0.00572929100023872
2 0.63304277166284995 0.67813320601575555 0.00886459333678068 0.00572929100023872
2 0.63780749058136954 0.67269037956552880 0.00886459333678068 0.00572929100023872
2 0.63300583585728010 0.66760563380281690 0.00886459333678068 0.00572929100023872
2 0.62439979315948879 0.66777273812365723 0.00886459333678068 0.00572929100023872
2 0.61996749649109850 0.67302458820720934 0.00886459333678068 0.00572929100023872
2 0.59056659525744259 0.70152781093339700 0.00886459333678068 0.00572929100023872
2 0.60652286326364779 0.70434471234184770 0.00886459333678068 0.00572929100023872
2 0.60401122848489330 0.69871090952494630 0.00886459333678068 0.00572929100023872
2 0.59599615867622069 0.69703986631654336 0.00886459333678068 0.00572929100023872
2 0.59270887198049793 0.70723322988780135 0.00886459333678068 0.00572929100023872
2 0.59943118859422329 0.70945333015039391 0.00886459333678068 0.00572929100023872
2 0.12687449213267341 0.99295774647887325 0.00886459333678068 0.00572929100023872
2 0.12801950210534091 0.98765815230365239 0.00886459333678068 0.00572929100023872
2 0.12794563049420107 0.98192886130341372 0.00886459333678068 0.00572929100023872
2 0.12909064046686858 0.97622344234900926 0.00886459333678068 0.00572929100023872
2 0.12931225530028809 0.97092384817378852 0.00886459333678068 0.00572929100023872
2 0.13503730516362561 0.96822630699450940 0.00886459333678068 0.00572929100023872
2 0.13599763610844354 0.96316543327763193 0.00886459333678068 0.00572929100023872
2 0.13773361897022973 0.95788971114824539 0.00886459333678068 0.00572929100023872
2 0.13958040924872572 0.95232752446884694 0.00886459333678068 0.00572929100023872
2 0.14091009824924280 0.94666984960611122 0.00886459333678068 0.00572929100023872
2 0.14271995272216886 0.94151348770589638 0.00886459333678068 0.00572929100023872
2 0.14885129644677550 0.93695392695153978 0.00886459333678068 0.00572929100023872
2 0.15424392405998374 0.93408928145142034 0.00886459333678068 0.00572929100023872
2 0.15487183275467237 0.92871807113869653 0.00886459333678068 0.00572929100023872
2 0.15535199822708134 0.92298878013845786 0.00886459333678068 0.00572929100023872
2 0.15535199822708134 0.91792790642158029 0.00886459333678068 0.00572929100023872
2 0.15557361306050085 0.91222248746717594 0.00886459333678068 0.00572929100023872
2 0.15690330206101796 0.90687514920028645 0.00886459333678068 0.00572929100023872
2 0.15860234911723425 0.90136070661255674 0.00886459333678068 0.00572929100023872
2 0.15642313658860899 0.89632370494151348 0.00886459333678068 0.00572929100023872
2 0.14778015808524783 0.89584626402482692 0.00886459333678068 0.00572929100023872
2 0.13972815247100540 0.89536882310814037 0.00886459333678068 0.00572929100023872
2 0.13060500849523529 0.89493912628312244 0.00886459333678068 0.00572929100023872
2 0.12772401566078156 0.88961566006206727 0.00886459333678068 0.00572929100023872
2 0.12861047499445963 0.88379088087849134 0.00886459333678068 0.00572929100023872
2 0.12920144788357835 0.87798997374074961 0.00886459333678068 0.00572929100023872
2 0.12909064046686858 0.87266650751969443 0.00886459333678068 0.00572929100023872
2 0.12857353918888970 0.86693721651945577 0.00886459333678068 0.00572929100023872
2 0.12787175888306124 0.86149439006922890 0.00886459333678068 0.00572929100023872
2 0.12901676885572874 0.85624253998567679 0.00886459333678068 0.00572929100023872
2 0.13703183866440127 0.85476247314394849 0.00886459333678068 0.00572929100023872
2 0.14486222944522420 0.85495344951062302 0.00886459333678068 0.00572929100023872
2 0.15298810667060650 0.85504893769396040 0.00886459333678068 0.00572929100023872
2 0.16144640614611805 0.85533540224397231 0.00886459333678068 0.00572929100023872
2 0.16410578414715224 0.85037001671043211 0.00886459333678068 0.00572929100023872
2 0.16384723350816283 0.84461685366435901 0.00886459333678068 0.00572929100023872
2 0.16480756445298073 0.83924564335163521 0.00886459333678068 0.00572929100023872
2 0.16528772992538968 0.83349248030556222 0.00886459333678068 0.00572929100023872
2 0.16643273989805718 0.82824063022201000 0.00886459333678068 0.00572929100023872
2 0.16743000664844501 0.82270231558844598 0.00886459333678068 0.00572929100023872
2 0.16831646598212308 0.81733110527572217 0.00886459333678068 0.00572929100023872
2 0.17012632045504913 0.81198376700883268 0.00886459333678068 0.00572929100023872
2 0.17297037748393293 0.80687514920028647 0.00886459333678068 0.00572929100023872
2 0.16846420920440275 0.80377178324182386 0.00886459333678068 0.00572929100023872
2 0.15989510231218143 0.79789925996657918 0.00886459333678068 0.00572929100023872
2 0.16307158159119450 0.79317259489138214 0.00886459333678068 0.00572929100023872
2 0.16646967570362708 0.78818333731200763 0.00886459333678068 0.00572929100023872
2 0.17060648592745808 0.78281212699928382 0.00886459333678068 0.00572929100023872
2 0.17518652581812810 0.77803771783241826 0.00886459333678068 0.00572929100023872
2 0.18120706212602497 0.77424206254476013 0.00886459333678068 0.00572929100023872
2 0.18615646007239417 0.76941990928622583 0.00886459333678068 0.00572929100023872
2 0.19247248282485041 0.76588684650274530 0.00886459333678068 0.00572929100023872
2 0.19782817463248872 0.76230603962759613 0.00886459333678068 0.00572929100023872
2 0.20458742705178401 0.75879684888994992 0.00886459333678068 0.00572929100023872
2 0.21057102755411095 0.75516829792313200 0.00886459333678068 0.00572929100023872
2 0.21847528994607374 0.75328240630222010 0.00886459333678068 0.00572929100023872
2 0.22612100169904706 0.75115779422296491 0.00886459333678068 0.00572929100023872
2 0.23354509861860087 0.74965385533540230 0.00886459333678068 0.00572929100023872
2 0.24126468198271403 0.74776796371449028 0.00886459333678068 0.00572929100023872
2 0.24887345793011745 0.74576271186440679 0.00886459333678068 0.00572929100023872
2 0.25681465612765014 0.74456910957269040 0.00886459333678068 0.00572929100023872
2 0.26508827657531209 0.74211028885175456 0.00886459333678068 0.00572929100023872
2 0.27347270443968386 0.74077345428503227 0.00886459333678068 0.00572929100023872
2 0.28207874713747505 0.74043924564335162 0.00886459333678068 0.00572929100023872
2 0.28902267858461994 0.73638099785151589 0.00886459333678068 0.00572929100023872
2 0.28625249316687595 0.73072332298878018 0.00886459333678068 0.00572929100023872
2 0.28444263869394992 0.72575793745523987 0.00886459333678068 0.00572929100023872
2 0.28481199674964913 0.70062067319169252 0.00886459333678068 0.00572929100023872
2 0.89802024082145226 0.97025543089042732 0.00886459333678068 0.00572929100023872
2 0.89739233212676373 0.97593697779899735 0.00886459333678068 0.00572929100023872
2 0.89735539632119377 0.98106946765337788 0.00886459333678068 0.00572929100023872
2 0.89709684568220438 0.98672714251611360 0.00886459333678068 0.00572929100023872
2 0.89587796409839704 0.99216996896634047 0.00886459333678068 0.00572929100023872
23 0.44071803206027921 0.23733587968488901 0.00627908694688631 0.00405824779183576
23 0.45486444559355838 0.23714490331821436 0.00627908694688631 0.00405824779183576
23 0.45445815173228926 0.22714251611363093 0.00627908694688631 0.00405824779183576
23 0.43979463692103127 0.22683217951778467 0.00627908694688631 0.00405824779183576
23 0.43861269114279383 0.15848651229410360 0.00627908694688631 0.00405824779183576
23 0.43458668833567260 0.14874671759369779 0.00627908694688631 0.00405824779183576
23 0.44112432592154832 0.13351635235139653 0.00627908694688631 0.00405824779183576
23 0.45534461106596735 0.14332776318930532 0.00627908694688631 0.00405824779183576
23 0.44049641722685973 0.14351873955597994 0.00627908694688631 0.00405824779183576
23 0.45490138139912834 0.13399379326808308 0.00627908694688631 0.00405824779183576
23 0.47492058801802467 0.13289567915970399 0.00627908694688631 0.00405824779183576
23 0.46084804609588537 0.13086655526378610 0.00627908694688631 0.00405824779183576
23 0.46284257959666103 0.12174743375507281 0.00627908694688631 0.00405824779183576
23 0.47776464504690846 0.12439723084268321 0.00627908694688631 0.00405824779183576
23 0.57959666100317653 0.11790403437574599 0.00627908694688631 0.00405824779183576
23 0.56345571396912164 0.12069706373836238 0.00627908694688631 0.00405824779183576
23 0.56973480091600803 0.12981618524707567 0.00627908694688631 0.00405824779183576
23 0.58417670089384655 0.12733349248030557 0.00627908694688631 0.00405824779183576
23 0.60585801876338918 0.12948197660539509 0.00627908694688631 0.00405824779183576
23 0.59060353106301244 0.13036524230126523 0.00627908694688631 0.00405824779183576
23 0.59156386200783040 0.13957985199331582 0.00627908694688631 0.00405824779183576
23 0.60659673487478760 0.13934113153497255 0.00627908694688631 0.00405824779183576
23 0.60696609293048687 0.15211267605633802 0.00627908694688631 0.00405824779183576
23 0.61062273768190889 0.14323227500596802 0.00627908694688631 0.00405824779183576
23 0.62558173893772628 0.14550011936022916 0.00627908694688631 0.00405824779183576
23 0.62192509418630415 0.15454762473143949 0.00627908694688631 0.00405824779183576
23 0.62029991874122770 0.21749820959656244 0.00627908694688631 0.00405824779183576
23 0.61413163921105118 0.20907137741704465 0.00627908694688631 0.00405824779183576
23 0.62632045504912459 0.20460730484602530 0.00627908694688631 0.00405824779183576
23 0.63359680874639879 0.21336834566722368 0.00627908694688631 0.00405824779183576
23 0.62066927679692696 0.21733110527572214 0.00627908694688631 0.00405824779183576
23 0.61911797296299032 0.23048460253043687 0.00627908694688631 0.00405824779183576
23 0.61664327398980567 0.22103127238004297 0.00627908694688631 0.00405824779183576
23 0.60120410726157936 0.22310814036762949 0.00627908694688631 0.00405824779183576
23 0.60345719140134446 0.23239436619718309 0.00627908694688631 0.00405824779183576
23 0.59909876634409398 0.23609453330150393 0.00627908694688631 0.00405824779183576
22 0.61727118268449432 0.24881833373120077 0.00627908694688631 0.00405824779183576
22 0.62055846938021719 0.24686082597278586 0.00627908694688631 0.00405824779183576
22 0.62240525965871318 0.24514203867271425 0.00627908694688631 0.00405824779183576
22 0.62458447218733837 0.24275483408928145 0.00627908694688631 0.00405824779183576
22 0.62772401566078151 0.24074958223919790 0.00627908694688631 0.00405824779183576
22 0.63064194430080522 0.23872045834328001 0.00627908694688631 0.00405824779183576
22 0.63282115682943041 0.23681069467653379 0.00627908694688631 0.00405824779183576
22 0.63448326808007682 0.23490093100978754 0.00627908694688631 0.00405824779183576
22 0.63740119672010043 0.23244211028885176 0.00627908694688631 0.00405824779183576
22 0.63950653763758591 0.23031749820959657 0.00627908694688631 0.00405824779183576
22 0.64223978724975994 0.22862258295535928 0.00627908694688631 0.00405824779183576
22 0.64312624658343798 0.22637861064693243 0.00627908694688631 0.00405824779183576
22 0.64593336780675181 0.22217713058009073 0.00627908694688631 0.00405824779183576
22 0.64796483711309749 0.22024349486751016 0.00627908694688631 0.00405824779183576
22 0.64959001255817395 0.21783241823824301 0.00627908694688631 0.00405824779183576
22 0.65184309669793894 0.21339221771305800 0.00627908694688631 0.00405824779183576
22 0.65276649183718694 0.21136309381714014 0.00627908694688631 0.00405824779183576
22 0.65424392405998377 0.20871329672952971 0.00627908694688631 0.00405824779183576
22 0.65483489694910246 0.20618285987109095 0.00627908694688631 0.00405824779183576
22 0.65764201817241630 0.19878252566244928 0.00627908694688631 0.00405824779183576
22 0.65886089975622364 0.19632370494151349 0.00627908694688631 0.00405824779183576
22 0.65875009233951387 0.19343518739555979 0.00627908694688631 0.00405824779183576
22 0.65930412942306271 0.19126283122463594 0.00627908694688631 0.00405824779183576
22 0.65963655167319202 0.18846980186201959 0.00627908694688631 0.00405824779183576
22 0.65937800103420252 0.18584387682024350 0.00627908694688631 0.00405824779183576
22 0.65963655167319202 0.18336118405347338 0.00627908694688631 0.00405824779183576
22 0.65871315653394402 0.18133206015755551 0.00627908694688631 0.00405824779183576
22 0.65886089975622364 0.17887323943661973 0.00627908694688631 0.00405824779183576
22 0.65849154170052449 0.17648603485318692 0.00627908694688631 0.00405824779183576
22 0.65764201817241630 0.17366913344473622 0.00627908694688631 0.00405824779183576
22 0.63149146782891330 0.13079493912628312 0.00627908694688631 0.00405824779183576
22 0.62931225530028811 0.12886130341370255 0.00627908694688631 0.00405824779183576
22 0.62672674891039371 0.12707089997612794 0.00627908694688631 0.00405824779183576
22 0.62443672896505875 0.12566244927190259 0.00627908694688631 0.00405824779183576
22 0.62251606707542295 0.12423012652184293 0.00627908694688631 0.00405824779183576
22 0.62000443229666835 0.12232036285509668 0.00627908694688631 0.00405824779183576
22 0.61812070621260251 0.12050608737168775 0.00627908694688631 0.00405824779183576
22 0.61453793307232030 0.11940797326330867 0.00627908694688631 0.00405824779183576
22 0.60958853512595113 0.11668656003819528 0.00627908694688631 0.00405824779183576
22 0.60674447809706733 0.11523036524230126 0.00627908694688631 0.00405824779183576
22 0.60386348526261358 0.11446645977560277 0.00627908694688631 0.00405824779183576
22 0.60053926276132086 0.11284316065886847 0.00627908694688631 0.00405824779183576
22 0.59787988476028664 0.11143470995464311 0.00627908694688631 0.00405824779183576
22 0.59529437837039223 0.11014561947958940 0.00627908694688631 0.00405824779183576
22 0.59197015586909951 0.10904750537121032 0.00627908694688631 0.00405824779183576
22 0.58812883208982791 0.10806875149200286 0.00627908694688631 0.00405824779183576
22 0.58480460958853508 0.10692289329195512 0.00627908694688631 0.00405824779183576
22 0.58148038708724237 0.10556218667939843 0.00627908694688631 0.00405824779183576
22 0.57782374233582035 0.10460730484602530 0.00627908694688631 0.00405824779183576
22 0.57449951983452763 0.10420148006684173 0.00627908694688631 0.00405824779183576
22 0.57051045283297630 0.10319885414179995 0.00627908694688631 0.00405824779183576
22 0.56648445002585501 0.10269754117927907 0.00627908694688631 0.00405824779183576
22 0.56275393366329318 0.10198137980424922 0.00627908694688631 0.00405824779183576
22 0.55965132599542000 0.10124134638338506 0.00627908694688631 0.00405824779183576
22 0.55599468124399798 0.10026259250417761 0.00627908694688631 0.00405824779183576
22 0.55185787102016692 0.09968966340415374 0.00627908694688631 0.00405824779183576
22 0.54845977690773440 0.09897350202912390 0.00627908694688631 0.00405824779183576
22 0.54458151732289284 0.09861542134160897 0.00627908694688631 0.00405824779183576
22 0.54040777129349193 0.09813798042492242 0.00627908694688631 0.00405824779183576
22 0.53660338331979018 0.09789925996657914 0.00627908694688631 0.00405824779183576
22 0.53316835340178770 0.09794700405824779 0.00627908694688631 0.00405824779183576
22 0.52932702962251610 0.09768441155407018 0.00627908694688631 0.00405824779183576
22 0.52578119228780384 0.09744569109572690 0.00627908694688631 0.00405824779183576
22 0.52264164881436059 0.09749343518739556 0.00627908694688631 0.00405824779183576
22 0.51953904114648741 0.09782764382907615 0.00627908694688631 0.00405824779183576
22 0.51569771736721581 0.09816185247075675 0.00627908694688631 0.00405824779183576
22 0.51222575164364337 0.09854380520410599 0.00627908694688631 0.00405824779183576
22 0.50867991430893111 0.09866316543327763 0.00627908694688631 0.00405824779183576
22 0.50542956341877820 0.09925996657913583 0.00627908694688631 0.00405824779183576
22 0.50240082736204472 0.09959417522081643 0.00627908694688631 0.00405824779183576
22 0.49852256777720322 0.10014323227500596 0.00627908694688631 0.00405824779183576
22 0.49464430819236166 0.10059680114585820 0.00627908694688631 0.00405824779183576
22 0.49150476471891852 0.10109811410837909 0.00627908694688631 0.00405824779183576
22 0.48795892738420626 0.10171878730007161 0.00627908694688631 0.00405824779183576
22 0.48393292457708503 0.10229171640009549 0.00627908694688631 0.00405824779183576
22 0.48060870207579226 0.10338983050847457 0.00627908694688631 0.00405824779183576
22 0.47595479057398243 0.10417760802100740 0.00627908694688631 0.00405824779183576
22 0.47285218290610920 0.10518023394604918 0.00627908694688631 0.00405824779183576
22 0.46882618009898797 0.10630222010026259 0.00627908694688631 0.00405824779183576
22 0.46561276501440496 0.10744807830031033 0.00627908694688631 0.00405824779183576
22 0.46195612026298294 0.10861780854619241 0.00627908694688631 0.00405824779183576
22 0.45973997192878779 0.11016949152542373 0.00627908694688631 0.00405824779183576
22 0.45589864814951614 0.11138696586297446 0.00627908694688631 0.00405824779183576
22 0.45209426017581444 0.11284316065886847 0.00627908694688631 0.00405824779183576
22 0.44880697348009158 0.11415612317975650 0.00627908694688631 0.00405824779183576
22 0.44596291645120778 0.11539746956314156 0.00627908694688631 0.00405824779183576
22 0.44278643717219474 0.11706851277154452 0.00627908694688631 0.00405824779183576
22 0.43972076530989140 0.11866793984244450 0.00627908694688631 0.00405824779183576
22 0.43647041441973849 0.12084029601336835 0.00627908694688631 0.00405824779183576
22 0.43366329319642460 0.12239197899259967 0.00627908694688631 0.00405824779183576
22 0.43089310777868067 0.12377655765099069 0.00627908694688631 0.00405824779183576
22 0.42845534461106599 0.12559083313439962 0.00627908694688631 0.00405824779183576
22 0.42609145305459112 0.12742898066364289 0.00627908694688631 0.00405824779183576
22 0.42332126763684719 0.12924325614705182 0.00627908694688631 0.00405824779183576
22 0.39465908251458964 0.16190021484841252 0.00627908694688631 0.00405824779183576
22 0.39336632931964244 0.16457388398185724 0.00627908694688631 0.00405824779183576
22 0.39225825515254487 0.16717593697779901 0.00627908694688631 0.00405824779183576
22 0.39240599837482454 0.16973024588207208 0.00627908694688631 0.00405824779183576
22 0.39196276870798552 0.17185485796132730 0.00627908694688631 0.00405824779183576
22 0.39000517101277976 0.17390785390307950 0.00627908694688631 0.00405824779183576
22 0.39018985004062939 0.17679637144903318 0.00627908694688631 0.00405824779183576
22 0.38993129940163995 0.17889711148245405 0.00627908694688631 0.00405824779183576
22 0.38934032651252126 0.18102172356170923 0.00627908694688631 0.00405824779183576
22 0.38948806973480093 0.18379088087849130 0.00627908694688631 0.00405824779183576
22 0.39004210681834972 0.18593936500358080 0.00627908694688631 0.00405824779183576
22 0.39018985004062939 0.18911434709954644 0.00627908694688631 0.00405824779183576
22 0.39037452906847897 0.19128670327047029 0.00627908694688631 0.00405824779183576
22 0.39096550195759772 0.19381714012890905 0.00627908694688631 0.00405824779183576
22 0.39107630937430743 0.19622821675817617 0.00627908694688631 0.00405824779183576
22 0.39177808968013594 0.19892575793745523 0.00627908694688631 0.00405824779183576
22 0.39163034645785627 0.20138457865839102 0.00627908694688631 0.00405824779183576
22 0.39307084287508309 0.20360467892098352 0.00627908694688631 0.00405824779183576
22 0.39403117381990099 0.20532346622105516 0.00627908694688631 0.00405824779183576
22 0.39473295412572951 0.21024110766292672 0.00627908694688631 0.00405824779183576
22 0.39617345054295633 0.21253282406302221 0.00627908694688631 0.00405824779183576
22 0.39739233212676367 0.21515874910479829 0.00627908694688631 0.00405824779183576
22 0.42490950727635368 0.24280257818095011 0.00627908694688631 0.00405824779183576
22 0.42745807786067813 0.24444974934351874 0.00627908694688631 0.00405824779183576
22 0.43000664844500258 0.24597756027691572 0.00627908694688631 0.00405824779183576
22 0.43214892516805792 0.24791119598949629 0.00627908694688631 0.00405824779183576
22 0.43473443155795227 0.24943900692289328 0.00627908694688631 0.00405824779183576
22 0.43735687375341659 0.25115779422296491 0.00627908694688631 0.00405824779183576
22 0.43997931594888084 0.25261398901885890 0.00627908694688631 0.00405824779183576
