7 0.51511807548002653 0.46632989936756691 0.00275877289781505 0.00298317489360010
7 0.51099830795262269 0.45919016745555069 0.00275877289781505 0.00298317489360010
7 0.47423306113440744 0.46422178910942286 0.00275877289781505 0.00298317489360010
7 0.47908850143456189 0.45708205719740663 0.00275877289781505 0.00298317489360010
5 0.53373059663061873 0.46774193548387094 0.00331052747737806 0.00357980987232011
5 0.53281100566468031 0.46356549063283081 0.00331052747737806 0.00357980987232011
5 0.53117413374531008 0.45952826061015872 0.00331052747737806 0.00357980987232011
5 0.52968439638048992 0.45570979674635059 0.00331052747737806 0.00357980987232011
5 0.52707275803722509 0.45135436140169444 0.00331052747737806 0.00357980987232011
5 0.52482895608033542 0.44757567320313435 0.00331052747737806 0.00357980987232011
5 0.52197822408592653 0.44467204964003021 0.00331052747737806 0.00357980987232011
5 0.51947693665857431 0.44236506105564616 0.00331052747737806 0.00357980987232011
5 0.51646067829029652 0.43950121315779006 0.00331052747737806 0.00357980987232011
5 0.51337085264474358 0.43745276639751801 0.00331052747737806 0.00357980987232011
5 0.51020745972191572 0.43582196412234997 0.00331052747737806 0.00357980987232011
5 0.50702567497976903 0.43423093751242992 0.00331052747737806 0.00357980987232011
5 0.50410137570808500 0.43331609721172587 0.00331052747737806 0.00357980987232011
5 0.50068049731479436 0.43244103257626981 0.00331052747737806 0.00357980987232011
5 0.48778783197233871 0.43220237858478183 0.00331052747737806 0.00357980987232011
5 0.48409107628926651 0.43299789188974186 0.00331052747737806 0.00357980987232011
5 0.48044949606415066 0.43450936716916588 0.00331052747737806 0.00357980987232011
5 0.47708379312881632 0.43625949644007794 0.00331052747737806 0.00357980987232011
5 0.47397557566394466 0.43836760669822200 0.00331052747737806 0.00357980987232011
5 0.47059148090929154 0.44029672646275009 0.00331052747737806 0.00357980987232011
5 0.46799823438534538 0.44333956485422221 0.00331052747737806 0.00357980987232011
5 0.46501875965570516 0.44596475876059027 0.00331052747737806 0.00357980987232011
5 0.46069668211579490 0.45137424923431846 0.00331052747737806 0.00357980987232011
5 0.46292209225336572 0.44878883099319838 0.00331052747737806 0.00357980987232011
5 0.45856323107481795 0.45481484427827057 0.00331052747737806 0.00357980987232011
5 0.45453542264400792 0.47782506662423929 0.00331052747737806 0.00357980987232011
5 0.45473773265651440 0.48224016546676746 0.00331052747737806 0.00357980987232011
5 0.45519752813948355 0.48693369396603159 0.00331052747737806 0.00357980987232011
10 0.52159199588023242 0.46537528340161488 0.00514970940925476 0.00556859313472018
10 0.51570661369822701 0.46111928722007878 0.00514970940925476 0.00556859313472018
10 0.51506290002207022 0.45411877013643054 0.00514970940925476 0.00556859313472018
10 0.46794305892738908 0.46137782904419078 0.00514970940925476 0.00556859313472018
10 0.47585154123445889 0.45256751919175847 0.00514970940925476 0.00556859313472018
10 0.47309276833664388 0.45887196213356668 0.00514970940925476 0.00556859313472018
24 0.59473626131096891 0.65878445567002109 0.00331052747737806 0.00357980987232011
24 0.59615243139851393 0.65671612107712507 0.00331052747737806 0.00357980987232011
24 0.59677775325535198 0.65359373135515697 0.00331052747737806 0.00357980987232011
24 0.59775251967924670 0.65078954695517277 0.00331052747737806 0.00357980987232011
24 0.59874567792246014 0.64772682073107668 0.00331052747737806 0.00357980987232011
24 0.59933421614066062 0.64430611351974865 0.00331052747737806 0.00357980987232011
24 0.59920547340542929 0.64078596714530045 0.00331052747737806 0.00357980987232011
24 0.59935260795997936 0.63744481126446839 0.00331052747737806 0.00357980987232011
24 0.59903994703156038 0.63434230937512426 0.00331052747737806 0.00357980987232011
24 0.59870889428382257 0.63139891014677219 0.00331052747737806 0.00357980987232011
24 0.59795482969175306 0.62779921244182813 0.00331052747737806 0.00357980987232011
24 0.59703523872581477 0.62441828089574802 0.00331052747737806 0.00357980987232011
24 0.59607886412123889 0.62155443299789193 0.00331052747737806 0.00357980987232011
24 0.59493857132347527 0.61867069726741175 0.00331052747737806 0.00357980987232011
24 0.59366953579048043 0.61628415735253173 0.00331052747737806 0.00357980987232011
24 0.59181196203928488 0.61393739310289963 0.00331052747737806 0.00357980987232011
24 0.59043257559037743 0.61147130185752352 0.00331052747737806 0.00357980987232011
24 0.58798646362098139 0.60932341593413153 0.00331052747737806 0.00357980987232011
24 0.58535643345839772 0.60731474483910741 0.00331052747737806 0.00357980987232011
24 0.58303906422423302 0.60502764408734733 0.00331052747737806 0.00357980987232011
24 0.58029868314573674 0.60327751481643532 0.00331052747737806 0.00357980987232011
24 0.57776061207974694 0.60170637603913923 0.00331052747737806 0.00357980987232011
24 0.57498344736261309 0.60031422775545917 0.00331052747737806 0.00357980987232011
24 0.57196718899433530 0.59900163080227520 0.00331052747737806 0.00357980987232011
24 0.56874862061355114 0.59830555666043517 0.00331052747737806 0.00357980987232011
24 0.56512543220775402 0.59776858517958709 0.00331052747737806 0.00357980987232011
24 0.56262414478040168 0.59778847301221116 0.00331052747737806 0.00357980987232011
24 0.55990215552122413 0.59838510799093114 0.00331052747737806 0.00357980987232011
24 0.55710659898477155 0.59886241597390721 0.00331052747737806 0.00357980987232011
24 0.55462370337673805 0.59955849011574713 0.00331052747737806 0.00357980987232011
24 0.55226955050393589 0.60027445209021124 0.00331052747737806 0.00357980987232011
24 0.54949238578680204 0.60116940455829126 0.00331052747737806 0.00357980987232011
24 0.54699109835944970 0.60242233801360323 0.00331052747737806 0.00357980987232011
24 0.54456337820937251 0.60437134561075534 0.00331052747737806 0.00357980987232011
24 0.54252188626498932 0.60558450340081937 0.00331052747737806 0.00357980987232011
24 0.54040682704333109 0.60699653951712340 0.00331052747737806 0.00357980987232011
24 0.53862282056941069 0.60872678095541144 0.00331052747737806 0.00357980987232011
24 0.53678363863753398 0.61077522771568360 0.00331052747737806 0.00357980987232011
24 0.53453983668064442 0.61294300147169967 0.00331052747737806 0.00357980987232011
24 0.52723828441109399 0.63573445765880432 0.00331052747737806 0.00357980987232011
24 0.52710954167586255 0.63873752038502840 0.00331052747737806 0.00357980987232011
24 0.52644743618038692 0.64261564774670854 0.00331052747737806 0.00357980987232011
24 0.52676009710880600 0.64581758879917261 0.00331052747737806 0.00357980987232011
24 0.52764290443610684 0.64913885684738082 0.00331052747737806 0.00357980987232011
24 0.52808430809975726 0.65267889105445287 0.00331052747737806 0.00357980987232011
24 0.52907746634297059 0.65588083210691694 0.00331052747737806 0.00357980987232011
24 0.53076951372029724 0.65894355833101304 0.00331052747737806 0.00357980987232011
24 0.53172588832487311 0.66262280736645318 0.00331052747737806 0.00357980987232011
24 0.53380416390789376 0.66526788910544532 0.00331052747737806 0.00357980987232011
24 0.53577208857500180 0.66795274650968539 0.00331052747737806 0.00357980987232011
24 0.53764805414551609 0.67020007159619743 0.00331052747737806 0.00357980987232011
24 0.53989185610240564 0.67187064953661346 0.00331052747737806 0.00357980987232011
24 0.40929154711984111 0.67161210771250146 0.00331052747737806 0.00357980987232011
24 0.40748914882660192 0.66974265144584544 0.00331052747737806 0.00357980987232011
24 0.40609137055837563 0.66677936438486929 0.00331052747737806 0.00357980987232011
24 0.40515338777311849 0.66425360964162128 0.00331052747737806 0.00357980987232011
24 0.40403148679467371 0.66111133208702910 0.00331052747737806 0.00357980987232011
24 0.40364525858897965 0.65773040054094900 0.00331052747737806 0.00357980987232011
24 0.40316707128669166 0.65397160017501288 0.00331052747737806 0.00357980987232011
24 0.40250496579121608 0.65055089296368485 0.00331052747737806 0.00357980987232011
24 0.40274405944236003 0.64671254126725275 0.00331052747737806 0.00357980987232011
24 0.40287280217759142 0.64339127321904455 0.00331052747737806 0.00357980987232011
24 0.40327742220260426 0.63961258502048446 0.00331052747737806 0.00357980987232011
24 0.40373721768557347 0.63589356031979638 0.00331052747737806 0.00357980987232011
24 0.40506142867652467 0.63251262877371628 0.00331052747737806 0.00357980987232011
24 0.40660634149930114 0.62974822003898012 0.00331052747737806 0.00357980987232011
24 0.40789376885161482 0.62650650332126800 0.00331052747737806 0.00357980987232011
24 0.40976973442212905 0.62384153374965201 0.00331052747737806 0.00357980987232011
24 0.41146178179945558 0.62151465733264388 0.00331052747737806 0.00357980987232011
24 0.41363201647907011 0.61922755658088380 0.00331052747737806 0.00357980987232011
24 0.41635400573824760 0.61719899765323571 0.00331052747737806 0.00357980987232011
24 0.41824836312808061 0.61505111172984372 0.00331052747737806 0.00357980987232011
24 0.42087839329066429 0.61334075812417965 0.00331052747737806 0.00357980987232011
24 0.42332450526006032 0.61178950717950753 0.00331052747737806 0.00357980987232011
24 0.42630397998970060 0.61025814406745948 0.00331052747737806 0.00357980987232011
24 0.42909953652615318 0.60946263076249951 0.00331052747737806 0.00357980987232011
24 0.43198705215919958 0.60884610795115546 0.00331052747737806 0.00357980987232011
24 0.43481939233428973 0.60850801479654748 0.00331052747737806 0.00357980987232011
24 0.43812991981166777 0.60848812696392351 0.00331052747737806 0.00357980987232011
24 0.44087030089016405 0.60828924863768341 0.00331052747737806 0.00357980987232011
24 0.44384977561980432 0.60868700529016351 0.00331052747737806 0.00357980987232011
24 0.44655337305966308 0.60988027524760346 0.00331052747737806 0.00357980987232011
24 0.44953284778930330 0.61103376953979560 0.00331052747737806 0.00357980987232011
24 0.45284337526668139 0.61208782466886758 0.00331052747737806 0.00357980987232011
24 0.45580445817700288 0.61381806610715561 0.00331052747737806 0.00357980987232011
24 0.45769881556683589 0.61532954138657969 0.00331052747737806 0.00357980987232011
24 0.46031045391010078 0.61702000715961980 0.00331052747737806 0.00357980987232011
24 0.46196571764878980 0.61902867825464380 0.00331052747737806 0.00357980987232011
24 0.46367615684543517 0.62079869535817989 0.00331052747737806 0.00357980987232011
24 0.46500036783638637 0.62318523527305991 0.00331052747737806 0.00357980987232011
24 0.46661884793643787 0.62579054134680401 0.00331052747737806 0.00357980987232011
24 0.47265136467299346 0.65172427508850084 0.00331052747737806 0.00357980987232011
24 0.47278010740822485 0.65556262678493293 0.00331052747737806 0.00357980987232011
24 0.47226513646729934 0.65888389483314114 0.00331052747737806 0.00357980987232011
24 0.47066504818656663 0.66142953740901311 0.00331052747737806 0.00357980987232011
24 0.46959832266607815 0.66441271230261323 0.00331052747737806 0.00357980987232011
24 0.46843963804899580 0.66747543852670932 0.00331052747737806 0.00357980987232011
24 0.46700507614213199 0.66968298794797343 0.00331052747737806 0.00357980987232011
24 0.46558890605458692 0.67228829402171753 0.00331052747737806 0.00357980987232011
24 0.46363937320679760 0.67423730161886952 0.00331052747737806 0.00357980987232011
24 0.46157948944309574 0.67634541187701369 0.00331052747737806 0.00357980987232011
24 0.45970352387258145 0.67851318563302976 0.00331052747737806 0.00357980987232011
21 0.72993452512322521 0.48818662742134361 0.00643713676156845 0.00696074141840022
21 0.73147943794600156 0.48056958752635137 0.00643713676156845 0.00696074141840022
21 0.73127712793349520 0.47287299630086316 0.00643713676156845 0.00696074141840022
21 0.72892297506069303 0.46499741458175886 0.00643713676156845 0.00696074141840022
21 0.72472964025601416 0.45799689749811068 0.00643713676156845 0.00696074141840022
21 0.71816376075921429 0.45292550017899047 0.00643713676156845 0.00696074141840022
21 0.71225998675789004 0.44932580247404635 0.00643713676156845 0.00696074141840022
21 0.70523431177812113 0.44787399069249434 0.00643713676156845 0.00696074141840022
21 0.69579930846759364 0.44946501730241439 0.00643713676156845 0.00696074141840022
21 0.68800117707643638 0.45427787279742254 0.00643713676156845 0.00696074141840022
21 0.68213418671374970 0.45922994312079868 0.00643713676156845 0.00696074141840022
21 0.67904436106819688 0.46547472256473488 0.00643713676156845 0.00696074141840022
21 0.67645111454425066 0.47313153812497516 0.00643713676156845 0.00696074141840022
21 0.67575222541013757 0.48068891452209539 0.00643713676156845 0.00696074141840022
21 0.67770175825792689 0.48900202855892766 0.00643713676156845 0.00696074141840022
21 0.68165599941146182 0.49645996579292789 0.00643713676156845 0.00696074141840022
21 0.68618038696387851 0.50298317489360012 0.00643713676156845 0.00696074141840022
21 0.11191422055469727 0.78149238296010504 0.00643713676156845 0.00696074141840022
21 0.10762892665342455 0.77504872518992884 0.00643713676156845 0.00696074141840022
21 0.10529316559994115 0.76737202179706454 0.00643713676156845 0.00696074141840022
21 0.10472301920105936 0.75822361879002431 0.00643713676156845 0.00696074141840022
21 0.10654380931361730 0.75010938307943198 0.00643713676156845 0.00696074141840022
21 0.10932097403075113 0.74253211884968773 0.00643713676156845 0.00696074141840022
21 0.11509600529684397 0.73636689073624761 0.00643713676156845 0.00696074141840022
21 0.12247112484366954 0.73215067021995939 0.00643713676156845 0.00696074141840022
21 0.12979106893253881 0.73026132612067940 0.00643713676156845 0.00696074141840022
21 0.14582873537850363 0.73499463028519152 0.00643713676156845 0.00696074141840022
21 0.15265210034576621 0.74032456942842373 0.00643713676156845 0.00696074141840022
21 0.15651438240270726 0.74641024621136787 0.00643713676156845 0.00696074141840022
21 0.15912602074597218 0.75353009029076012 0.00643713676156845 0.00696074141840022
21 0.15912602074597218 0.76228073664532037 0.00643713676156845 0.00696074141840022
21 0.15793055249025234 0.77005687920130461 0.00643713676156845 0.00696074141840022
21 0.15427058044581771 0.77761425559842490 0.00643713676156845 0.00696074141840022
21 0.14890016920473773 0.78368004454874507 0.00643713676156845 0.00696074141840022
21 0.27541749429853601 0.78383914720973713 0.00643713676156845 0.00696074141840022
21 0.27181269771205768 0.77735571377431290 0.00643713676156845 0.00696074141840022
21 0.26960567939380564 0.77045463585378471 0.00643713676156845 0.00696074141840022
21 0.26945854483925552 0.76277793246092040 0.00643713676156845 0.00696074141840022
21 0.27111380857794454 0.75474324808082416 0.00643713676156845 0.00696074141840022
21 0.27874641359523283 0.74123940972912772 0.00643713676156845 0.00696074141840022
21 0.28663650408298391 0.73710274054333558 0.00643713676156845 0.00696074141840022
21 0.29493121459574784 0.73457698580008746 0.00643713676156845 0.00696074141840022
21 0.30226955050393584 0.73503440595043956 0.00643713676156845 0.00696074141840022
21 0.30953431913484880 0.73742094586531959 0.00643713676156845 0.00696074141840022
21 0.31461046126682851 0.74165705421423178 0.00643713676156845 0.00696074141840022
21 0.31985212977267713 0.74823992681277596 0.00643713676156845 0.00696074141840022
21 0.32319944088869274 0.75633427469074421 0.00643713676156845 0.00696074141840022
21 0.32036710071360258 0.78093552364663299 0.00643713676156845 0.00696074141840022
21 0.31481277127933494 0.78769738673879319 0.00643713676156845 0.00696074141840022
21 0.32319944088869274 0.50604590111769621 0.00643713676156845 0.00696074141840022
21 0.32803648936952845 0.50015910266099195 0.00643713676156845 0.00696074141840022
21 0.33175163687191939 0.49333757607095979 0.00643713676156845 0.00696074141840022
21 0.33375634517766495 0.48607851716319955 0.00643713676156845 0.00696074141840022
21 0.33377473699698373 0.47796428145260728 0.00643713676156845 0.00696074141840022
21 0.33177002869123812 0.46913408376755100 0.00643713676156845 0.00696074141840022
21 0.32763186934451555 0.46169603436617479 0.00643713676156845 0.00696074141840022
21 0.32193040535569778 0.45505349826975855 0.00643713676156845 0.00696074141840022
21 0.31448171853159712 0.45079750208822245 0.00643713676156845 0.00696074141840022
21 0.30675715441771501 0.44966389562865439 0.00643713676156845 0.00696074141840022
21 0.29934525123225192 0.45004176444851041 0.00643713676156845 0.00696074141840022
21 0.29191495622747005 0.45292550017899047 0.00643713676156845 0.00696074141840022
21 0.28573530493636429 0.45706216936478261 0.00643713676156845 0.00696074141840022
21 0.28121091738394760 0.46306829481723083 0.00643713676156845 0.00696074141840022
21 0.27775325535201945 0.47138140885406310 0.00643713676156845 0.00696074141840022
21 0.27699919075995000 0.47891889741855931 0.00643713676156845 0.00696074141840022
21 0.27727506804973145 0.48755021677737559 0.00643713676156845 0.00696074141840022
21 0.27929816817479586 0.49480927568513583 0.00643713676156845 0.00696074141840022
21 0.28350989479879352 0.50125293345531208 0.00643713676156845 0.00696074141840022
21 0.13203487088942839 0.45195099638041447 0.00643713676156845 0.00696074141840022
21 0.12502758772897815 0.45336303249671850 0.00643713676156845 0.00696074141840022
21 0.11906863826969764 0.45666441271230263 0.00643713676156845 0.00696074141840022
21 0.11384536158316781 0.46092040889383873 0.00643713676156845 0.00696074141840022
21 0.10691164569999265 0.47422536891929518 0.00643713676156845 0.00696074141840022
21 0.10529316559994115 0.48313511793484748 0.00643713676156845 0.00696074141840022
21 0.15026116383432650 0.50672208742691216 0.00643713676156845 0.00696074141840022
21 0.15563157507540645 0.50081540113758405 0.00643713676156845 0.00696074141840022
21 0.15927315530052233 0.49343701523407979 0.00643713676156845 0.00696074141840022
21 0.16079967630397998 0.48446760272065548 0.00643713676156845 0.00696074141840022
21 0.16011917898918562 0.47567718070084725 0.00643713676156845 0.00696074141840022
21 0.15667990877657617 0.46770215981862295 0.00643713676156845 0.00696074141840022
21 0.15127271389685867 0.45960781194065470 0.00643713676156845 0.00696074141840022
21 0.14531376443757815 0.45495405910663855 0.00643713676156845 0.00696074141840022
21 0.13869270948282203 0.45258740702438249 0.00643713676156845 0.00696074141840022
21 0.16320900463473847 0.70265701443856643 0.00643713676156845 0.00696074141840022
21 0.16819318767012434 0.70830515890378265 0.00643713676156845 0.00696074141840022
21 0.17371073346575444 0.71437094785410282 0.00643713676156845 0.00696074141840022
21 0.17889722651364673 0.72009864364981502 0.00643713676156845 0.00696074141840022
21 0.18822187890826161 0.73390079949087150 0.00643713676156845 0.00696074141840022
21 0.19204737732656516 0.74058311125253573 0.00643713676156845 0.00696074141840022
21 0.19620392849260648 0.74806093631915993 0.00643713676156845 0.00696074141840022
21 0.20010299418818508 0.75526033172904816 0.00643713676156845 0.00696074141840022
21 0.20348708894283823 0.76295692295453643 0.00643713676156845 0.00696074141840022
21 0.20639299639520342 0.77003699136868065 0.00643713676156845 0.00696074141840022
21 0.20953799749871257 0.77759436776580093 0.00643713676156845 0.00696074141840022
21 0.21647171338188773 0.77870808639274491 0.00643713676156845 0.00696074141840022
21 0.21948797175016552 0.77099160733463268 0.00643713676156845 0.00696074141840022
21 0.22257779739571840 0.76240006364106438 0.00643713676156845 0.00696074141840022
21 0.23955344662694034 0.73338371584264750 0.00643713676156845 0.00696074141840022
21 0.24455602148164496 0.72640308659162323 0.00643713676156845 0.00696074141840022
21 0.24942985360111822 0.72055606380016701 0.00643713676156845 0.00696074141840022
21 0.25524166850584862 0.71355554671651888 0.00643713676156845 0.00696074141840022
21 0.26092474067534760 0.70774829959031060 0.00643713676156845 0.00696074141840022
21 0.25649231221952473 0.69997215703432636 0.00643713676156845 0.00696074141840022
21 0.24729640256014124 0.69881866274213433 0.00643713676156845 0.00696074141840022
21 0.23887294931214595 0.69909709239887041 0.00643713676156845 0.00696074141840022
21 0.22932759508570588 0.69919653156199035 0.00643713676156845 0.00696074141840022
21 0.22193408371956153 0.69919653156199035 0.00643713676156845 0.00696074141840022
21 0.21295887589200324 0.69903742890099840 0.00643713676156845 0.00696074141840022
21 0.20541822997130876 0.69949484905135040 0.00643713676156845 0.00696074141840022
21 0.19752813948355771 0.69846068175490239 0.00643713676156845 0.00696074141840022
21 0.18827705436621792 0.69830157909391033 0.00643713676156845 0.00696074141840022
21 0.17961450746707863 0.69800326160455028 0.00643713676156845 0.00696074141840022
21 0.17166924152137131 0.69764528061731834 0.00643713676156845 0.00696074141840022
21 0.15568675053336276 0.69702875780597429 0.00643713676156845 0.00696074141840022
21 0.10707717207386154 0.69637245932938230 0.00643713676156845 0.00696074141840022
21 0.09848819245199736 0.69706853347122233 0.00643713676156845 0.00696074141840022
21 0.09059810196424631 0.69726741179746232 0.00643713676156845 0.00696074141840022
21 0.08235856690943869 0.69710830913647026 0.00643713676156845 0.00696074141840022
21 0.07463400279555654 0.69730718746271037 0.00643713676156845 0.00696074141840022
21 0.06622894136688001 0.69724752396483836 0.00643713676156845 0.00696074141840022
21 0.09845140881335981 0.70542142317330259 0.00643713676156845 0.00696074141840022
21 0.09208783932906643 0.71206395926971877 0.00643713676156845 0.00696074141840022
21 0.08592657985727949 0.71924346684698304 0.00643713676156845 0.00696074141840022
21 0.08026189950709925 0.72648263792211920 0.00643713676156845 0.00696074141840022
21 0.07513058191716325 0.73400023865399144 0.00643713676156845 0.00696074141840022
21 0.07101081438975944 0.74185593254047177 0.00643713676156845 0.00696074141840022
21 0.06668873684984919 0.74997016825106400 0.00643713676156845 0.00696074141840022
20 0.89904730375928787 0.47506065788950319 0.00643713676156845 0.00696074141840022
20 0.89812771279334946 0.46700608567678292 0.00643713676156845 0.00696074141840022
20 0.89538733171485319 0.45926971878604672 0.00643713676156845 0.00696074141840022
20 0.89031118958287359 0.45248796786126250 0.00643713676156845 0.00696074141840022
20 0.88413153829176783 0.44815242034923036 0.00643713676156845 0.00696074141840022
20 0.87730817332450528 0.44550733861023828 0.00643713676156845 0.00696074141840022
20 0.87087103656293685 0.44419474165705419 0.00643713676156845 0.00696074141840022
20 0.86437872434341201 0.44421462948967821 0.00643713676156845 0.00696074141840022
20 0.85786802030456855 0.44676027206555030 0.00643713676156845 0.00696074141840022
20 0.85306775546237035 0.44988266178751840 0.00643713676156845 0.00696074141840022
20 0.84806518060766567 0.45479495644564655 0.00643713676156845 0.00696074141840022
20 0.84473626131096891 0.46034366174774272 0.00643713676156845 0.00696074141840022
20 0.84234532479952917 0.46682709518316695 0.00643713676156845 0.00696074141840022
20 0.84114985654380936 0.47390716359731117 0.00643713676156845 0.00696074141840022
20 0.84153608474950337 0.48144465216180743 0.00643713676156845 0.00696074141840022
20 0.84405576399617455 0.48816673958871964 0.00643713676156845 0.00696074141840022
20 0.84782608695652173 0.49614176047094388 0.00643713676156845 0.00696074141840022
19 0.63595232840432581 0.69822202776341435 0.00220701831825204 0.00238653991488008
19 0.63780990215552125 0.69830157909391033 0.00220701831825204 0.00238653991488008
19 0.63952034135216651 0.69822202776341435 0.00220701831825204 0.00238653991488008
19 0.64180092694769364 0.69871922357901439 0.00220701831825204 0.00238653991488008
19 0.64371367615684538 0.69838113042440630 0.00220701831825204 0.00238653991488008
19 0.64571838446259100 0.69828169126128636 0.00220701831825204 0.00238653991488008
19 0.64752078275583025 0.69824191559603832 0.00220701831825204 0.00238653991488008
19 0.64941514014566326 0.69814247643291838 0.00220701831825204 0.00238653991488008
19 0.65156698300595894 0.69790382244143034 0.00220701831825204 0.00238653991488008
19 0.65316707128669171 0.69806292510242229 0.00220701831825204 0.00238653991488008
19 0.65515338777311849 0.69808281293504637 0.00220701831825204 0.00238653991488008
19 0.65667990877657623 0.69788393460880638 0.00220701831825204 0.00238653991488008
19 0.65903406164937839 0.69792371027405431 0.00220701831825204 0.00238653991488008
19 0.66105716177444274 0.69788393460880638 0.00220701831825204 0.00238653991488008
19 0.66241815640403146 0.69786404677618230 0.00220701831825204 0.00238653991488008
19 0.66438608107113961 0.69780438327831029 0.00220701831825204 0.00238653991488008
19 0.66593099389391597 0.69774471978043828 0.00220701831825204 0.00238653991488008
19 0.66826675494739940 0.69768505628256627 0.00220701831825204 0.00238653991488008
19 0.67174280879864634 0.69740662662583031 0.00220701831825204 0.00238653991488008
19 0.67350842345324802 0.69766516844994231 0.00220701831825204 0.00238653991488008
19 0.67512690355329952 0.69881866274213433 0.00220701831825204 0.00238653991488008
19 0.67332450526006038 0.70029036235631037 0.00220701831825204 0.00238653991488008
19 0.67229456337820936 0.70130464182013441 0.00220701831825204 0.00238653991488008
19 0.67076804237475174 0.70267690227119051 0.00220701831825204 0.00238653991488008
19 0.66977488413153830 0.70371106956763851 0.00220701831825204 0.00238653991488008
19 0.66894725226219376 0.70506344218607053 0.00220701831825204 0.00238653991488008
19 0.66795409401898032 0.70633626347400658 0.00220701831825204 0.00238653991488008
19 0.66683219304053554 0.70746986993357464 0.00220701831825204 0.00238653991488008
19 0.66554476568822185 0.70868302772363867 0.00220701831825204 0.00238653991488008
19 0.66438608107113961 0.70995584901157471 0.00220701831825204 0.00238653991488008
19 0.66199514455969988 0.71242194025695083 0.00220701831825204 0.00238653991488008
19 0.66124107996763037 0.71385386420587882 0.00220701831825204 0.00238653991488008
19 0.65820642978003385 0.71771210373493499 0.00220701831825204 0.00238653991488008
19 0.65482233502538068 0.72258462272781510 0.00220701831825204 0.00238653991488008
19 0.65414183771058632 0.72423531283560716 0.00220701831825204 0.00238653991488008
19 0.65265210034576615 0.72574678811503124 0.00220701831825204 0.00238653991488008
19 0.65173250937982785 0.72733781472495129 0.00220701831825204 0.00238653991488008
19 0.65107040388435222 0.72914760749373531 0.00220701831825204 0.00238653991488008
19 0.65005885382182005 0.73055964361003933 0.00220701831825204 0.00238653991488008
19 0.64926800559111308 0.73221033371783140 0.00220701831825204 0.00238653991488008
19 0.64739204002059880 0.73497474245256755 0.00220701831825204 0.00238653991488008
19 0.64656440815125438 0.73769937552205556 0.00220701831825204 0.00238653991488008
19 0.64472522621937767 0.73980748578019973 0.00220701831825204 0.00238653991488008
19 0.64386081071139556 0.74141840022274375 0.00220701831825204 0.00238653991488008
19 0.64352975796365774 0.74344695915039183 0.00220701831825204 0.00238653991488008
19 0.64141469874199952 0.74615170438725587 0.00220701831825204 0.00238653991488008
19 0.64089972780107407 0.74833936597589590 0.00220701831825204 0.00238653991488008
19 0.63994335319649820 0.74937353327234402 0.00220701831825204 0.00238653991488008
19 0.63900537041124106 0.75126287737162400 0.00220701831825204 0.00238653991488008
19 0.63847200765099688 0.75301300664253612 0.00220701831825204 0.00238653991488008
19 0.63786507761347755 0.75468358458295215 0.00220701831825204 0.00238653991488008
19 0.63668800117707647 0.75619505986237623 0.00220701831825204 0.00238653991488008
19 0.93996910174354442 0.74072232608090371 0.00220701831825204 0.00238653991488008
19 0.94002427720150072 0.71803030905691900 0.00220701831825204 0.00238653991488008
19 0.94033693812991981 0.71230261326120681 0.00220701831825204 0.00238653991488008
19 0.90846391525049663 0.69537806769818222 0.00220701831825204 0.00238653991488008
19 0.90599941146178176 0.69543773119605423 0.00220701831825204 0.00238653991488008
19 0.90147502390936507 0.69503997454357425 0.00220701831825204 0.00238653991488008
19 0.89899212830133157 0.69496042321307827 0.00220701831825204 0.00238653991488008
19 0.89652762451261681 0.69503997454357425 0.00220701831825204 0.00238653991488008
19 0.89424703891708968 0.69466210572371823 0.00220701831825204 0.00238653991488008
19 0.89816449643198704 0.69865956008114238 0.00220701831825204 0.00238653991488008
19 0.89991171926726987 0.70082733383715845 0.00220701831825204 0.00238653991488008
19 0.90162215846391525 0.70259735094069453 0.00220701831825204 0.00238653991488008
19 0.90346134039579196 0.70434748021160654 0.00220701831825204 0.00238653991488008
19 0.90541087324358127 0.70633626347400658 0.00220701831825204 0.00238653991488008
19 0.90736040609137059 0.70858358856051873 0.00220701831825204 0.00238653991488008
19 0.90897888619142209 0.71057237182291877 0.00220701831825204 0.00238653991488008
19 0.91094681085853013 0.71266059424843875 0.00220701831825204 0.00238653991488008
19 0.91217906275288752 0.71498747066544688 0.00220701831825204 0.00238653991488008
19 0.91385271831089532 0.71697625392784692 0.00220701831825204 0.00238653991488008
19 0.91497461928934010 0.71942245734059906 0.00220701831825204 0.00238653991488008
19 0.91692415213712941 0.72135157710512710 0.00220701831825204 0.00238653991488008
19 0.91821157948944310 0.72361879002426310 0.00220701831825204 0.00238653991488008
19 0.94009784447877587 0.74442146294896783 0.00220701831825204 0.00238653991488008
19 0.94031854631060108 0.74798138498866396 0.00220701831825204 0.00238653991488008
19 0.94020819539468847 0.75096455988226407 0.00220701831825204 0.00238653991488008
19 0.94046568086515114 0.75376874428224816 0.00220701831825204 0.00238653991488008
19 0.94026337085264478 0.75689113400421626 0.00220701831825204 0.00238653991488008
19 0.92987199293754141 0.74104053140288773 0.00220701831825204 0.00238653991488008
19 0.93093871845802989 0.74352651048088780 0.00220701831825204 0.00238653991488008
19 0.93217097035238727 0.74607215305675989 0.00220701831825204 0.00238653991488008
19 0.93364231589788860 0.74853824430213600 0.00220701831825204 0.00238653991488008
19 0.93509526962407119 0.75128276520424808 0.00220701831825204 0.00238653991488008
19 0.93658500698889136 0.75370908078437615 0.00220701831825204 0.00238653991488008
19 0.93778047524461117 0.75649337735173616 0.00220701831825204 0.00238653991488008
19 0.93921503715147503 0.75925778608647232 0.00220701831825204 0.00238653991488008
19 0.94088869270948283 0.76474682789069648 0.00220701831825204 0.00238653991488008
19 0.47774589862429190 0.44791376635774233 0.00220701831825204 0.00238653991488008
19 0.52433237695872881 0.46967105524839903 0.00220701831825204 0.00238653991488008
19 0.51344441992201872 0.44970367129390237 0.00220701831825204 0.00238653991488008
19 0.46694990068417569 0.50920806650491235 0.00220701831825204 0.00238653991488008
19 0.45795630103729862 0.49126924147806372 0.00220701831825204 0.00238653991488008
19 0.45300890164055030 0.49397398671492782 0.00220701831825204 0.00238653991488008
19 0.45505039358493343 0.49188576428940772 0.00220701831825204 0.00238653991488008
14 0.97862870595159268 0.51063999045384034 0.00331052747737806 0.00357980987232011
14 0.98140587066872653 0.51326518436020840 0.00331052747737806 0.00357980987232011
14 0.97721253586404766 0.54454874507776141 0.00331052747737806 0.00357980987232011
14 0.97820569410726110 0.54082972037707333 0.00331052747737806 0.00357980987232011
14 0.97798499227543589 0.53669305119128119 0.00331052747737806 0.00357980987232011
14 0.97614581034355918 0.53353088580406505 0.00331052747737806 0.00357980987232011
14 0.97274332376958728 0.53098524322819296 0.00331052747737806 0.00357980987232011
14 0.96967188994335318 0.53038860824947298 0.00331052747737806 0.00357980987232011
14 0.96580960788641212 0.53142277554592099 0.00331052747737806 0.00357980987232011
14 0.96255425586699039 0.53460482876576110 0.00331052747737806 0.00357980987232011
14 0.96102773486353266 0.53846306829481727 0.00331052747737806 0.00357980987232011
14 0.96139557124990804 0.54257984964798534 0.00331052747737806 0.00357980987232011
14 0.96292209225336567 0.54604033252456152 0.00331052747737806 0.00357980987232011
14 0.83662546899139267 0.70480490036195853 0.00331052747737806 0.00357980987232011
14 0.83029868314573674 0.71063203532079078 0.00331052747737806 0.00357980987232011
14 0.82524093283307587 0.71614096495763890 0.00331052747737806 0.00357980987232011
14 0.82525932465239460 0.72733781472495129 0.00331052747737806 0.00357980987232011
14 0.82044066799087767 0.72172944592498312 0.00331052747737806 0.00357980987232011
14 0.81426101669977191 0.72894872916749531 0.00331052747737806 0.00357980987232011
14 0.81904288972265138 0.73390079949087150 0.00331052747737806 0.00357980987232011
14 0.80894578091664826 0.73771926335467963 0.00331052747737806 0.00357980987232011
14 0.81400353122930924 0.74100075573763968 0.00331052747737806 0.00357980987232011
14 0.80342823512101813 0.74750407700568788 0.00331052747737806 0.00357980987232011
14 0.80850437725299784 0.75006960741418405 0.00331052747737806 0.00357980987232011
14 0.80311557419259916 0.75971520623682431 0.00331052747737806 0.00357980987232011
14 0.79829691753108223 0.75758720814605629 0.00331052747737806 0.00357980987232011
14 0.79349665268888403 0.76826697426514456 0.00331052747737806 0.00357980987232011
14 0.79960273670271464 0.77025575752754460 0.00331052747737806 0.00357980987232011
14 0.79557492827190468 0.78071675748776903 0.00331052747737806 0.00357980987232011
14 0.79259545354226435 0.79032258064516125 0.00331052747737806 0.00357980987232011
14 0.78967115427058043 0.78867189053736919 0.00331052747737806 0.00357980987232011
14 0.78797910689325390 0.81180143987908193 0.00331052747737806 0.00357980987232011
14 0.79156551166041345 0.80058470227914558 0.00331052747737806 0.00357980987232011
14 0.78555138674317659 0.79935165665645758 0.00331052747737806 0.00357980987232011
14 0.78448466122268812 0.79412115667634542 0.00331052747737806 0.00357980987232011
14 0.78757448686824105 0.78015989817429698 0.00331052747737806 0.00357980987232011
14 0.78249834473626134 0.78274531641541700 0.00331052747737806 0.00357980987232011
14 0.78453983668064442 0.77063362634740062 0.00331052747737806 0.00357980987232011
14 0.77475538880306039 0.76389165108786450 0.00331052747737806 0.00357980987232011
14 0.78084308099757227 0.75955610357583225 0.00331052747737806 0.00357980987232011
14 0.77528875156330468 0.74977128992482400 0.00331052747737806 0.00357980987232011
14 0.77012065033473109 0.75255558649218413 0.00331052747737806 0.00357980987232011
14 0.77039652762451261 0.73909152380573562 0.00331052747737806 0.00357980987232011
14 0.76423526815272569 0.72966469114195931 0.00331052747737806 0.00357980987232011
14 0.75893842418892077 0.73356270633626353 0.00331052747737806 0.00357980987232011
14 0.75286912381372761 0.72560757328666325 0.00331052747737806 0.00357980987232011
14 0.75691532406385642 0.72043673680442311 0.00331052747737806 0.00357980987232011
14 0.74683660707717203 0.71888548585975098 0.00331052747737806 0.00357980987232011
14 0.75073567277275066 0.71323734139453487 0.00331052747737806 0.00357980987232011
14 0.73990289119399688 0.71240205242432675 0.00331052747737806 0.00357980987232011
14 0.73379680718016627 0.70579929199315861 0.00331052747737806 0.00357980987232011
14 0.74429853601118223 0.70579929199315861 0.00331052747737806 0.00357980987232011
14 0.74819760170676086 0.70422815321586252 0.00331052747737806 0.00357980987232011
14 0.75827631869344514 0.70392983572650247 0.00331052747737806 0.00357980987232011
14 0.76875965570514238 0.70394972355912655 0.00331052747737806 0.00357980987232011
14 0.77865445449863901 0.70343263991090255 0.00331052747737806 0.00357980987232011
14 0.78915618332965498 0.70305477109104653 0.00331052747737806 0.00357980987232011
14 0.79833370116971969 0.70333320074778249 0.00331052747737806 0.00357980987232011
14 0.84859854336790996 0.70313432242154250 0.00331052747737806 0.00357980987232011
14 0.82671227837857719 0.70172228630523847 0.00331052747737806 0.00357980987232011
14 0.84569263591554478 0.69953462471659833 0.00331052747737806 0.00357980987232011
14 0.84561906863826974 0.69535817986555826 0.00331052747737806 0.00357980987232011
14 0.82652836018538955 0.69619346883576627 0.00331052747737806 0.00357980987232011
14 0.79905098212315162 0.69708842130384630 0.00331052747737806 0.00357980987232011
14 0.78854925329213565 0.69663100115349430 0.00331052747737806 0.00357980987232011
14 0.77828661811226363 0.69734696312795830 0.00331052747737806 0.00357980987232011
14 0.75853380416390792 0.69629290799888632 0.00331052747737806 0.00357980987232011
14 0.74827116898403589 0.69758561711944633 0.00331052747737806 0.00357980987232011
14 0.73852350474508943 0.69702875780597429 0.00331052747737806 0.00357980987232011
14 0.72754358861178547 0.69812258860029430 0.00331052747737806 0.00357980987232011
14 0.16605973662914736 0.89572809355236471 0.00331052747737806 0.00357980987232011
14 0.16740233943941735 0.89196929318642859 0.00331052747737806 0.00357980987232011
14 0.18500331052747737 0.85271071158665124 0.00331052747737806 0.00357980987232011
14 0.18323769587287575 0.84911101388170718 0.00331052747737806 0.00357980987232011
14 0.18060766571029208 0.84634660514697113 0.00331052747737806 0.00357980987232011
14 0.17772015007724565 0.84226959945905100 0.00331052747737806 0.00357980987232011
14 0.17529242992716840 0.83892844357821883 0.00331052747737806 0.00357980987232011
14 0.17365555800779814 0.83614414701085871 0.00331052747737806 0.00357980987232011
14 0.17200029426910909 0.83363828010023466 0.00331052747737806 0.00357980987232011
14 0.16944383138380048 0.83053577821089053 0.00331052747737806 0.00357980987232011
14 0.16749429853601119 0.82769181814565851 0.00331052747737806 0.00357980987232011
14 0.16569190024277203 0.82446998926057036 0.00331052747737806 0.00357980987232011
14 0.16372397557566395 0.82114872121236226 0.00331052747737806 0.00357980987232011
14 0.16166409181196204 0.81768823833578619 0.00331052747737806 0.00357980987232011
14 0.15736040609137056 0.81205998170319393 0.00331052747737806 0.00357980987232011
14 0.15583388508791290 0.80901714331172192 0.00331052747737806 0.00357980987232011
14 0.15355329949238578 0.80581520225925773 0.00331052747737806 0.00357980987232011
14 0.15127271389685867 0.80273258820253768 0.00331052747737806 0.00357980987232011
14 0.14899212830133157 0.79961019848056958 0.00331052747737806 0.00357980987232011
14 0.14744721547855513 0.79610993993874546 0.00331052747737806 0.00357980987232011
14 0.14621496358419775 0.79312676504514534 0.00331052747737806 0.00357980987232011
14 0.14586551901714118 0.80780398552165789 0.00331052747737806 0.00357980987232011
14 0.14222393879202530 0.80850005966349792 0.00331052747737806 0.00357980987232011
14 0.13832487309644670 0.80850005966349792 0.00331052747737806 0.00357980987232011
14 0.13422349738836165 0.80750566803229784 0.00331052747737806 0.00357980987232011
14 0.13023247259618922 0.80712779921244182 0.00331052747737806 0.00357980987232011
14 0.12659089237107335 0.80645161290322576 0.00331052747737806 0.00357980987232011
14 0.12300448760391378 0.80559643610039378 0.00331052747737806 0.00357980987232011
14 0.11917898918561023 0.80545722127202579 0.00331052747737806 0.00357980987232011
14 0.11551901714117560 0.80531800644365781 0.00331052747737806 0.00357980987232011
14 0.09387184580298683 0.91324927409410928 0.00331052747737806 0.00357980987232011
14 0.09227175752225410 0.90966946422178907 0.00331052747737806 0.00357980987232011
14 0.09243728389612300 0.90529414104450900 0.00331052747737806 0.00357980987232011
14 0.09460751857573751 0.90233085398353285 0.00331052747737806 0.00357980987232011
14 0.09271316118590452 0.90109780836084485 0.00331052747737806 0.00357980987232011
14 0.09510409769734422 0.89690147567718070 0.00331052747737806 0.00357980987232011
14 0.09225336570293534 0.89725945666441276 0.00331052747737806 0.00357980987232011
14 0.09280512028249835 0.89354043196372457 0.00331052747737806 0.00357980987232011
14 0.09714558964172736 0.89342110496798055 0.00331052747737806 0.00357980987232011
14 0.10003310527477378 0.89049759357225244 0.00331052747737806 0.00357980987232011
14 0.09357757669388655 0.89006006125452453 0.00331052747737806 0.00357980987232011
14 0.09374310306775546 0.88560518674674837 0.00331052747737806 0.00357980987232011
14 0.09622599867578902 0.87761027803190006 0.00331052747737806 0.00357980987232011
14 0.09701684690649599 0.87363271150709998 0.00331052747737806 0.00357980987232011
14 0.09791804605311558 0.87003301380215581 0.00331052747737806 0.00357980987232011
14 0.09918708158611050 0.86611511077522774 0.00331052747737806 0.00357980987232011
14 0.10034576620319283 0.86289328189013959 0.00331052747737806 0.00357980987232011
14 0.10132053262708747 0.85883616403484353 0.00331052747737806 0.00357980987232011
14 0.10209298903847569 0.85471938268167535 0.00331052747737806 0.00357980987232011
14 0.10310453910100788 0.85175609562069921 0.00331052747737806 0.00357980987232011
14 0.10430000735672773 0.84736088461079506 0.00331052747737806 0.00357980987232011
14 0.10566100198631649 0.84334354242074694 0.00331052747737806 0.00357980987232011
14 0.10606562201132937 0.83938586372857082 0.00331052747737806 0.00357980987232011
14 0.10691164569999265 0.83604470784773877 0.00331052747737806 0.00357980987232011
14 0.10792319576252483 0.83220635615130667 0.00331052747737806 0.00357980987232011
14 0.10805193849775620 0.82850721928324256 0.00331052747737806 0.00357980987232011
14 0.10943132494666373 0.82548426872439440 0.00331052747737806 0.00357980987232011
14 0.10996468770690797 0.82154647786484225 0.00331052747737806 0.00357980987232011
14 0.11047965864783345 0.81778767749890613 0.00331052747737806 0.00357980987232011
14 0.11125211505922165 0.81386977447197806 0.00331052747737806 0.00357980987232011
14 0.11198778783197234 0.81013086193866590 0.00331052747737806 0.00357980987232011
14 0.11235562421834767 0.80591464142237779 0.00331052747737806 0.00357980987232011
14 0.11241079967630398 0.80203651406069765 0.00331052747737806 0.00357980987232011
14 0.11276024424336055 0.79851636768624956 0.00331052747737806 0.00357980987232011
14 0.11344074155815494 0.79475756732031344 0.00331052747737806 0.00357980987232011
14 0.11356948429338630 0.79056123463664929 0.00331052747737806 0.00357980987232011
14 0.22263297285367470 0.75752754464818428 0.00331052747737806 0.00357980987232011
14 0.22770911498565438 0.76033172904816837 0.00331052747737806 0.00357980987232011
14 0.21867873170013977 0.76524402370629652 0.00331052747737806 0.00357980987232011
14 0.22397557566394469 0.76850562825663260 0.00331052747737806 0.00357980987232011
14 0.21586478334436843 0.77347758641263276 0.00331052747737806 0.00357980987232011
14 0.22145589641727359 0.77691818145658487 0.00331052747737806 0.00357980987232011
14 0.21367615684543514 0.81315381249751406 0.00331052747737806 0.00357980987232011
14 0.21652688883984403 0.79010381448629730 0.00331052747737806 0.00357980987232011
14 0.21980063267858457 0.78334195139413709 0.00331052747737806 0.00357980987232011
14 0.21224159493857131 0.78125372896861700 0.00331052747737806 0.00357980987232011
14 0.20812182741116753 0.78244699892605707 0.00331052747737806 0.00357980987232011
14 0.20512396086220849 0.77403444572610480 0.00331052747737806 0.00357980987232011
14 0.21080703303170750 0.77182689630484069 0.00331052747737806 0.00357980987232011
14 0.19892591775178400 0.76035161688079234 0.00331052747737806 0.00357980987232011
14 0.20194217612006179 0.76721291913607259 0.00331052747737806 0.00357980987232011
14 0.20755168101228574 0.76373254842687244 0.00331052747737806 0.00357980987232011
14 0.20495843448833959 0.75651326518436024 0.00331052747737806 0.00357980987232011
14 0.20133524608254250 0.74861779563263198 0.00331052747737806 0.00357980987232011
14 0.19738100492900756 0.74155761505111173 0.00331052747737806 0.00357980987232011
14 0.19362907378797911 0.73533272343979950 0.00331052747737806 0.00357980987232011
14 0.18895755168101228 0.72743725388807123 0.00331052747737806 0.00357980987232011
14 0.17372912528507320 0.71920369118173499 0.00331052747737806 0.00357980987232011
14 0.17860295740454646 0.71391352770375083 0.00331052747737806 0.00357980987232011
14 0.17347163981461047 0.70806650491229461 0.00331052747737806 0.00357980987232011
14 0.14969101743544472 0.69436378823435818 0.00331052747737806 0.00357980987232011
14 0.15967777532553520 0.69915675589674242 0.00331052747737806 0.00357980987232011
14 0.16482748473478998 0.69663100115349430 0.00331052747737806 0.00357980987232011
14 0.16925991319061282 0.70192116463147847 0.00331052747737806 0.00357980987232011
14 0.17501655263738689 0.70124497832226240 0.00331052747737806 0.00357980987232011
14 0.18369749135584493 0.70164273497474250 0.00331052747737806 0.00357980987232011
14 0.19337158831751636 0.69639234716200626 0.00331052747737806 0.00357980987232011
14 0.19324284558228499 0.70182172546835841 0.00331052747737806 0.00357980987232011
14 0.20059957330979181 0.70160295930949446 0.00331052747737806 0.00357980987232011
14 0.20900463473846834 0.69597470267690231 0.00331052747737806 0.00357980987232011
14 0.20878393290664313 0.70237858478183046 0.00331052747737806 0.00357980987232011
14 0.21733612888986978 0.70233880911658253 0.00331052747737806 0.00357980987232011
14 0.21724416979327596 0.69619346883576627 0.00331052747737806 0.00357980987232011
14 0.22574119031854631 0.69569627302016623 0.00331052747737806 0.00357980987232011
14 0.22557566394467740 0.70231892128395845 0.00331052747737806 0.00357980987232011
14 0.23434856175972926 0.69669066465136631 0.00331052747737806 0.00357980987232011
14 0.23421981902449790 0.70202060379459852 0.00331052747737806 0.00357980987232011
14 0.24308467593614361 0.70245813611232644 0.00331052747737806 0.00357980987232011
14 0.24356286323843154 0.69611391750527030 0.00331052747737806 0.00357980987232011
14 0.25165526373868902 0.70152340797899848 0.00331052747737806 0.00357980987232011
14 0.25246450378871477 0.69641223499463023 0.00331052747737806 0.00357980987232011
14 0.27968439638048997 0.69679010381448625 0.00331052747737806 0.00357980987232011
14 0.27308173324505258 0.69911698023149438 0.00331052747737806 0.00357980987232011
14 0.26169719708673583 0.70116542699176643 0.00331052747737806 0.00357980987232011
14 0.26259839623335540 0.69637245932938230 0.00331052747737806 0.00357980987232011
14 0.24006841756786582 0.73958871962133566 0.00331052747737806 0.00357980987232011
14 0.23513940999043625 0.73499463028519152 0.00331052747737806 0.00357980987232011
14 0.23979254027808430 0.72781512270792725 0.00331052747737806 0.00357980987232011
14 0.24531008607371441 0.73205123105683945 0.00331052747737806 0.00357980987232011
14 0.24977929816817479 0.72572690028240727 0.00331052747737806 0.00357980987232011
14 0.24472154785551387 0.72099359611789504 0.00331052747737806 0.00357980987232011
14 0.25489222393879202 0.71948212083847107 0.00331052747737806 0.00357980987232011
14 0.25036783638637533 0.71486814366970286 0.00331052747737806 0.00357980987232011
14 0.25583020672404916 0.70828527107115868 0.00331052747737806 0.00357980987232011
14 0.26074082248215996 0.71287936040730282 0.00331052747737806 0.00357980987232011
14 0.26609284190392113 0.70609760948251854 0.00331052747737806 0.00357980987232011
14 0.35694842933863019 0.75086512071914402 0.00331052747737806 0.00357980987232011
14 0.35292062090782023 0.74394415496599176 0.00331052747737806 0.00357980987232011
14 0.32719046568086513 0.57113877729605023 0.00331052747737806 0.00357980987232011
14 0.33018833222982419 0.56716121077125015 0.00331052747737806 0.00357980987232011
14 0.33160450231736921 0.56310409291595398 0.00331052747737806 0.00357980987232011
14 0.33938424188920768 0.56419792371027411 0.00331052747737806 0.00357980987232011
14 0.34359596851320534 0.56700210811025820 0.00331052747737806 0.00357980987232011
14 0.34745825057014640 0.57105922596555425 0.00331052747737806 0.00357980987232011
14 0.35008828073273007 0.57483791416411445 0.00331052747737806 0.00357980987232011
14 0.35347237548738319 0.58026729247046660 0.00331052747737806 0.00357980987232011
14 0.35573456926359154 0.58511992363072274 0.00331052747737806 0.00357980987232011
14 0.26066725520488487 0.67485382443021358 0.00331052747737806 0.00357980987232011
14 0.26092474067534760 0.67037906208981346 0.00331052747737806 0.00357980987232011
14 0.26112705068785402 0.66502923511395728 0.00331052747737806 0.00357980987232011
14 0.26127418524240420 0.66041525794518918 0.00331052747737806 0.00357980987232011
14 0.26149488707422941 0.65586094427429298 0.00331052747737806 0.00357980987232011
14 0.26175237254469214 0.65110775227715678 0.00331052747737806 0.00357980987232011
14 0.26221216802766129 0.64703074658923676 0.00331052747737806 0.00357980987232011
14 0.26246965349812401 0.64301340439918853 0.00331052747737806 0.00357980987232011
14 0.26274553078790552 0.63971202418360451 0.00331052747737806 0.00357980987232011
14 0.26280070624586183 0.63523726184320428 0.00331052747737806 0.00357980987232011
14 0.26388582358566909 0.63167733980350826 0.00331052747737806 0.00357980987232011
14 0.26493415728683883 0.62821685692693208 0.00331052747737806 0.00357980987232011
14 0.26565143824027071 0.62457738355673997 0.00331052747737806 0.00357980987232011
14 0.26646067829029646 0.61964520106598786 0.00331052747737806 0.00357980987232011
14 0.26754579563010372 0.61485223340360362 0.00331052747737806 0.00357980987232011
14 0.31372765393952767 0.62272781512270792 0.00331052747737806 0.00357980987232011
14 0.30854116089163541 0.62169364782625991 0.00331052747737806 0.00357980987232011
14 0.30442139336423157 0.61936677140925178 0.00331052747737806 0.00357980987232011
14 0.29982343853453985 0.61741776381209978 0.00331052747737806 0.00357980987232011
14 0.29603472375487383 0.61489200906885166 0.00331052747737806 0.00357980987232011
14 0.29241153534907671 0.61222703949723556 0.00331052747737806 0.00357980987232011
14 0.28865960420804826 0.60916431327313947 0.00331052747737806 0.00357980987232011
14 0.28507319944088871 0.60564416689869138 0.00331052747737806 0.00357980987232011
14 0.28119252556462887 0.60248200151147524 0.00331052747737806 0.00357980987232011
14 0.30421908335172515 0.52756453601686493 0.00331052747737806 0.00357980987232011
14 0.30046715221069670 0.52720655502963287 0.00331052747737806 0.00357980987232011
14 0.29603472375487383 0.52686846187502490 0.00331052747737806 0.00357980987232011
14 0.29198852350474508 0.52676902271190484 0.00331052747737806 0.00357980987232011
14 0.28786875597734130 0.52704745236864081 0.00331052747737806 0.00357980987232011
14 0.28411682483631279 0.52704745236864081 0.00331052747737806 0.00357980987232011
14 0.04785551386743177 0.66190684539198918 0.00331052747737806 0.00357980987232011
14 0.03893548149782976 0.66160852790262914 0.00331052747737806 0.00357980987232011
14 0.03505480762156993 0.66152897657213316 0.00331052747737806 0.00357980987232011
14 0.03110056646803502 0.66099200509128520 0.00331052747737806 0.00357980987232011
14 0.02679688074744354 0.66101189292390916 0.00331052747737806 0.00357980987232011
14 0.03739056867505334 0.49369555705819179 0.00331052747737806 0.00357980987232011
14 0.03413521665563157 0.49204486695039973 0.00331052747737806 0.00357980987232011
14 0.03111895828735379 0.49425241637166384 0.00331052747737806 0.00357980987232011
14 0.02734863532700655 0.49659918062129588 0.00331052747737806 0.00357980987232011
14 0.02460825424851026 0.49932381369078399 0.00331052747737806 0.00357980987232011
14 0.02159199588023247 0.50214788592339210 0.00331052747737806 0.00357980987232011
14 0.01910910027219893 0.50574758362833616 0.00331052747737806 0.00357980987232011
14 0.45683440005885384 0.21435106002147886 0.00331052747737806 0.00357980987232011
14 0.45517913632016477 0.21948212083847102 0.00331052747737806 0.00357980987232011
14 0.45398366806444496 0.22353923869376716 0.00331052747737806 0.00357980987232011
14 0.45231001250643715 0.22829243069090330 0.00331052747737806 0.00357980987232011
14 0.45135363790186123 0.23310528618591145 0.00331052747737806 0.00357980987232011
14 0.45023173692341645 0.23708285271071158 0.00331052747737806 0.00357980987232011
14 0.44905466048701537 0.24169682987947974 0.00331052747737806 0.00357980987232011
14 0.43470904141837713 0.29060101030189728 0.00331052747737806 0.00357980987232011
14 0.43566541602295300 0.28682232210333719 0.00331052747737806 0.00357980987232011
14 0.44120135363790186 0.26745157312756057 0.00331052747737806 0.00357980987232011
14 0.44028176267196351 0.27134958832186468 0.00331052747737806 0.00357980987232011
14 0.43910468623556242 0.27532715484666481 0.00331052747737806 0.00357980987232011
14 0.43825866254689916 0.27872797422536894 0.00331052747737806 0.00357980987232011
14 0.43711836974913559 0.28264587725229706 0.00331052747737806 0.00357980987232011
14 0.42711322003972635 0.31490394176842607 0.00331052747737806 0.00357980987232011
14 0.42628558817038181 0.31848375164074622 0.00331052747737806 0.00357980987232011
14 0.42507172809534322 0.32293862614852231 0.00331052747737806 0.00357980987232011
14 0.42398661075553595 0.32659798735133844 0.00331052747737806 0.00357980987232011
14 0.42288310159640990 0.33109263752436258 0.00331052747737806 0.00357980987232011
14 0.41994041050540720 0.34338331808599498 0.00331052747737806 0.00357980987232011
14 0.42299345251232251 0.33870967741935482 0.00331052747737806 0.00357980987232011
14 0.42547634812035606 0.33497076488604272 0.00331052747737806 0.00357980987232011
14 0.42783050099315822 0.33051589037826656 0.00331052747737806 0.00357980987232011
14 0.42983520929890384 0.32689630484069848 0.00331052747737806 0.00357980987232011
14 0.43242845582285000 0.32311761664213834 0.00331052747737806 0.00357980987232011
14 0.43463547414110204 0.31923948928045820 0.00331052747737806 0.00357980987232011
14 0.43719193702641063 0.31563979157551408 0.00331052747737806 0.00357980987232011
14 0.44449348929596116 0.30501968895429776 0.00331052747737806 0.00357980987232011
14 0.44734422129037005 0.30140010341672963 0.00331052747737806 0.00357980987232011
14 0.44953284778930330 0.29869535817986553 0.00331052747737806 0.00357980987232011
14 0.45231001250643715 0.29505588480967343 0.00331052747737806 0.00357980987232011
14 0.45525270359743986 0.29235113957280934 0.00331052747737806 0.00357980987232011
14 0.45799308467593614 0.28930830118133727 0.00331052747737806 0.00357980987232011
14 0.46058633119988229 0.28612624796149716 0.00331052747737806 0.00357980987232011
14 0.46395203413521663 0.28338172705938508 0.00331052747737806 0.00357980987232011
14 0.46656367247848157 0.28055765482677697 0.00331052747737806 0.00357980987232011
14 0.50947178694916506 0.26084881269639237 0.00331052747737806 0.00357980987232011
14 0.51223055984698007 0.26238017580844042 0.00331052747737806 0.00357980987232011
14 0.51452953726182593 0.26482637922119245 0.00331052747737806 0.00357980987232011
14 0.51732509379827851 0.26691460164671255 0.00331052747737806 0.00357980987232011
14 0.52475538880306039 0.27449186587645680 0.00331052747737806 0.00357980987232011
14 0.52733024350768776 0.27733582594168887 0.00331052747737806 0.00357980987232011
14 0.52948208636798355 0.27932460920408891 0.00331052747737806 0.00357980987232011
14 0.53242477745898620 0.28194980311045703 0.00331052747737806 0.00357980987232011
14 0.53825498418303541 0.28725985442106522 0.00331052747737806 0.00357980987232011
14 0.54068270433311261 0.28966628216856927 0.00331052747737806 0.00357980987232011
14 0.54272419627749580 0.29137663577423334 0.00331052747737806 0.00357980987232011
14 0.54507834915029796 0.29336541903663338 0.00331052747737806 0.00357980987232011
14 0.54717501655263734 0.29650769659122550 0.00331052747737806 0.00357980987232011
14 0.54974987125726482 0.29861580684936956 0.00331052747737806 0.00357980987232011
14 0.55219598322666075 0.30163875740821766 0.00331052747737806 0.00357980987232011
14 0.55449496064150661 0.30422417564933774 0.00331052747737806 0.00357980987232011
14 0.55703303170749652 0.30682948172308183 0.00331052747737806 0.00357980987232011
14 0.55907452365187960 0.30935523646632990 0.00331052747737806 0.00357980987232011
14 0.56166777017582581 0.31176166421383400 0.00331052747737806 0.00357980987232011
14 0.56367247848157143 0.31462551211169004 0.00331052747737806 0.00357980987232011
14 0.56538291767821669 0.31669384670458611 0.00331052747737806 0.00357980987232011
14 0.56770028691238139 0.31961735810031422 0.00331052747737806 0.00357980987232011
14 0.57005443978518355 0.32188457101945028 0.00331052747737806 0.00357980987232011
14 0.57158096078864118 0.32504673640666643 0.00331052747737806 0.00357980987232011
14 0.57360406091370564 0.32781114514140247 0.00331052747737806 0.00357980987232011
14 0.57544324284558224 0.33031701205202657 0.00331052747737806 0.00357980987232011
14 0.57715368204222761 0.33349906527186668 0.00331052747737806 0.00357980987232011
14 0.57890090487751045 0.33630324967185077 0.00331052747737806 0.00357980987232011
14 0.58039064224233061 0.33938586372857088 0.00331052747737806 0.00357980987232011
14 0.58199073052306338 0.34217016029593095 0.00331052747737806 0.00357980987232011
14 0.58373795335834622 0.33857046259098683 0.00331052747737806 0.00357980987232011
14 0.58261605237990144 0.33538840937114672 0.00331052747737806 0.00357980987232011
14 0.58127344956963145 0.33176882383357864 0.00331052747737806 0.00357980987232011
14 0.57989406312072389 0.32820890179388251 0.00331052747737806 0.00357980987232011
14 0.57919517398661080 0.32482797024780241 0.00331052747737806 0.00357980987232011
14 0.57844110939454130 0.32190445885207430 0.00331052747737806 0.00357980987232011
14 0.57695137202972113 0.31892128395847419 0.00331052747737806 0.00357980987232011
14 0.57634444199220192 0.31556024024501811 0.00331052747737806 0.00357980987232011
14 0.57496505554329436 0.31269639234716201 0.00331052747737806 0.00357980987232011
14 0.57353049363643049 0.30561632393301780 0.00331052747737806 0.00357980987232011
14 0.57213271536820420 0.30233483155005769 0.00331052747737806 0.00357980987232011
14 0.57097403075112185 0.29879479734298559 0.00331052747737806 0.00357980987232011
14 0.56944750974766423 0.29511554830754544 0.00331052747737806 0.00357980987232011
14 0.56880379607150744 0.29189371942245734 0.00331052747737806 0.00357980987232011
14 0.56768189509306266 0.28853267570900121 0.00331052747737806 0.00357980987232011
14 0.56705657323622449 0.28495286583668111 0.00331052747737806 0.00357980987232011
14 0.56560361951004190 0.28171114911896900 0.00331052747737806 0.00357980987232011
14 0.56455528580887226 0.27825066624239292 0.00331052747737806 0.00357980987232011
14 0.56330464209519604 0.27451175370908076 0.00331052747737806 0.00357980987232011
14 0.56232987567130144 0.27091205600413665 0.00331052747737806 0.00357980987232011
14 0.56133671742808799 0.26778966628216855 0.00331052747737806 0.00357980987232011
14 0.55981019642463037 0.26476671572332044 0.00331052747737806 0.00357980987232011
14 0.55900095637460456 0.26200230698858440 0.00331052747737806 0.00357980987232011
14 0.55787905539615978 0.25858159977725625 0.00331052747737806 0.00357980987232011
14 0.55736408445523433 0.25526033172904816 0.00331052747737806 0.00357980987232011
14 0.55578238799382040 0.25185951235034404 0.00331052747737806 0.00357980987232011
14 0.55480762156992569 0.24863768346525594 0.00331052747737806 0.00357980987232011
14 0.55375928786875595 0.24509764925818384 0.00331052747737806 0.00357980987232011
14 0.54798425660266314 0.22771568354480728 0.00331052747737806 0.00357980987232011
14 0.54746928566173769 0.22427508850085517 0.00331052747737806 0.00357980987232011
14 0.54608989921283013 0.21995942882144703 0.00331052747737806 0.00357980987232011
14 0.54274258809681453 0.21985998965832704 0.00331052747737806 0.00357980987232011
14 0.54139998528654454 0.22347957519589515 0.00331052747737806 0.00357980987232011
14 0.53972632972853674 0.22789467403842328 0.00331052747737806 0.00357980987232011
14 0.53389612300448763 0.23829601050077562 0.00331052747737806 0.00357980987232011
14 0.53189141469874202 0.24121952189650372 0.00331052747737806 0.00357980987232011
14 0.52929816817479580 0.24374527663975179 0.00331052747737806 0.00357980987232011
14 0.52723828441109399 0.24599260172626386 0.00331052747737806 0.00357980987232011
14 0.52438755241668511 0.24804104848653594 0.00331052747737806 0.00357980987232011
14 0.52150003678363865 0.24971162642695199 0.00331052747737806 0.00357980987232011
14 0.51839181931876699 0.25130265303687205 0.00331052747737806 0.00357980987232011
14 0.51443757816523206 0.25273457698580010 0.00331052747737806 0.00357980987232011
14 0.51009710880600312 0.25358975378863213 0.00331052747737806 0.00357980987232011
14 0.50656587949679988 0.25470347241557617 0.00331052747737806 0.00357980987232011
14 0.50025748547046278 0.25712978799570424 0.00331052747737806 0.00357980987232011
14 0.50283234017509015 0.25446481842408814 0.00331052747737806 0.00357980987232011
14 0.49819760170676081 0.25454436975458417 0.00331052747737806 0.00357980987232011
14 0.49431692783050102 0.25370908078437610 0.00331052747737806 0.00357980987232011
14 0.49034429485764730 0.25235670816594408 0.00331052747737806 0.00357980987232011
14 0.48708894283822557 0.25096455988226402 0.00331052747737806 0.00357980987232011
14 0.48368645626425366 0.24929398194184799 0.00331052747737806 0.00357980987232011
14 0.48100125064371368 0.24734497434469591 0.00331052747737806 0.00357980987232011
14 0.47769072316633560 0.24499821009506384 0.00331052747737806 0.00357980987232011
14 0.47417788567645114 0.24233324052344776 0.00331052747737806 0.00357980987232011
14 0.47130876186272347 0.23974782228232766 0.00331052747737806 0.00357980987232011
14 0.46490840873979256 0.23318483751640745 0.00331052747737806 0.00357980987232011
14 0.46262782314426543 0.22884929000437532 0.00331052747737806 0.00357980987232011
14 0.46077024939306999 0.22560757328666323 0.00331052747737806 0.00357980987232011
14 0.45946443022143751 0.22153056759874309 0.00331052747737806 0.00357980987232011
14 0.45889428382255570 0.21830873871365500 0.00331052747737806 0.00357980987232011
14 0.51046494519237839 0.19138061334075812 0.00331052747737806 0.00357980987232011
14 0.51204664165379243 0.18887474643013405 0.00331052747737806 0.00357980987232011
14 0.51296623261973073 0.18350503162165388 0.00331052747737806 0.00357980987232011
14 0.50643713676156843 0.17137345372101348 0.00331052747737806 0.00357980987232011
14 0.50171043919664537 0.16922556779762141 0.00331052747737806 0.00357980987232011
14 0.49302950047818728 0.17204964003022952 0.00331052747737806 0.00357980987232011
14 0.49067534760538511 0.17429696511674159 0.00331052747737806 0.00357980987232011
14 0.48830280291326417 0.18129748220038980 0.00331052747737806 0.00357980987232011
14 0.48861546384168320 0.18706495366134998 0.00331052747737806 0.00357980987232011
14 0.48993967483263445 0.19074420269679010 0.00331052747737806 0.00357980987232011
14 0.47570440667990876 0.15025257547432480 0.00331052747737806 0.00357980987232011
14 0.48221511071875228 0.12678493297800406 0.00331052747737806 0.00357980987232011
14 0.48517619362907377 0.11709955849011575 0.00331052747737806 0.00357980987232011
14 0.48661075553593763 0.11282367447595561 0.00331052747737806 0.00357980987232011
14 0.48765908923710732 0.10848812696392347 0.00331052747737806 0.00357980987232011
14 0.48914882660192749 0.10399347679089933 0.00331052747737806 0.00357980987232011
14 0.49271683954976825 0.09130503957678693 0.00331052747737806 0.00357980987232011
14 0.49398587508276320 0.08726780955411480 0.00331052747737806 0.00357980987232011
14 0.50393584933421609 0.08074460045344259 0.00331052747737806 0.00357980987232011
14 0.50739351136614430 0.08961457380374686 0.00331052747737806 0.00357980987232011
14 0.50831310233208271 0.09397000914840301 0.00331052747737806 0.00357980987232011
14 0.50952696240712136 0.09788791217533113 0.00331052747737806 0.00357980987232011
14 0.51077760612079748 0.10210413269161926 0.00331052747737806 0.00357980987232011
14 0.51204664165379243 0.10647945586889941 0.00331052747737806 0.00357980987232011
14 0.51329728536746855 0.11069567638518754 0.00331052747737806 0.00357980987232011
14 0.51467667181637611 0.11532954138657969 0.00331052747737806 0.00357980987232011
14 0.51590892371073349 0.12040093870569986 0.00331052747737806 0.00357980987232011
14 0.51699404105054070 0.12479614971560399 0.00331052747737806 0.00357980987232011
14 0.51859412933127347 0.12941012688437215 0.00331052747737806 0.00357980987232011
14 0.51982638122563085 0.13418320671413228 0.00331052747737806 0.00357980987232011
14 0.52076436401088799 0.13853864205878844 0.00331052747737806 0.00357980987232011
14 0.52216214227911428 0.14217811542898054 0.00331052747737806 0.00357980987232011
14 0.52365187964393434 0.14671254126725269 0.00331052747737806 0.00357980987232011
14 0.52521518428602953 0.15156517242750886 0.00331052747737806 0.00357980987232011
14 0.52663135437357467 0.15532397279344498 0.00331052747737806 0.00357980987232011
14 0.52729345986905030 0.15948052981186112 0.00331052747737806 0.00357980987232011
14 0.52907746634297059 0.16359731116502924 0.00331052747737806 0.00357980987232011
14 0.53301331567718679 0.17527146891531761 0.00331052747737806 0.00357980987232011
14 0.53075112190097840 0.17224851835646951 0.00331052747737806 0.00357980987232011
14 0.53056720370779076 0.16795274650968536 0.00331052747737806 0.00357980987232011
14 0.52791878172588835 0.16964321228272544 0.00331052747737806 0.00357980987232011
14 0.52536231884057971 0.16751521419195736 0.00331052747737806 0.00357980987232011
14 0.52221731773707059 0.16538721610118928 0.00331052747737806 0.00357980987232011
14 0.51931141028470540 0.16347798416928522 0.00331052747737806 0.00357980987232011
14 0.51566983005958944 0.16162841573525316 0.00331052747737806 0.00357980987232011
14 0.51215699256970504 0.16037548227994114 0.00331052747737806 0.00357980987232011
14 0.50831310233208271 0.15971918380334912 0.00331052747737806 0.00357980987232011
14 0.50445082027514165 0.15882423133526907 0.00331052747737806 0.00357980987232011
14 0.50108511733980721 0.15882423133526907 0.00331052747737806 0.00357980987232011
14 0.49709409254763481 0.15862535300902908 0.00331052747737806 0.00357980987232011
14 0.49383874052821303 0.15854580167853308 0.00331052747737806 0.00357980987232011
14 0.48990289119399694 0.15922198798774909 0.00331052747737806 0.00357980987232011
14 0.48648201280070624 0.15971918380334912 0.00331052747737806 0.00357980987232011
14 0.48342897079379094 0.16146931307426116 0.00331052747737806 0.00357980987232011
14 0.47952990509821231 0.16369675032814923 0.00331052747737806 0.00357980987232011
14 0.47634812035606561 0.16606340241040532 0.00331052747737806 0.00357980987232011
14 0.47283528286618115 0.16884769897776541 0.00331052747737806 0.00357980987232011
13 0.93814831163098655 0.76663617198997658 0.00220701831825204 0.00238653991488008
13 0.93713676156845438 0.76353367010063244 0.00220701831825204 0.00238653991488008
13 0.93586772603545942 0.76070959786802439 0.00220701831825204 0.00238653991488008
13 0.93463547414110204 0.75794518913328823 0.00220701831825204 0.00238653991488008
13 0.93331126315015078 0.75488246290919214 0.00220701831825204 0.00238653991488008
13 0.93150886485691164 0.75176007318722404 0.00220701831825204 0.00238653991488008
13 0.92970646656367251 0.74863768346525594 0.00220701831825204 0.00238653991488008
13 0.92799602736702713 0.74531641541704785 0.00220701831825204 0.00238653991488008
13 0.92648789818288824 0.74243267968656779 0.00220701831825204 0.00238653991488008
13 0.92488780990215547 0.73976771011495168 0.00220701831825204 0.00238653991488008
13 0.91276760097108811 0.72151067976611905 0.00220701831825204 0.00238653991488008
13 0.91052379901419844 0.71846784137464703 0.00220701831825204 0.00238653991488008
13 0.90804090340616495 0.71546477864842295 0.00220701831825204 0.00238653991488008
13 0.90631207239020084 0.71301857523567080 0.00220701831825204 0.00238653991488008
13 0.90392113587876111 0.71031382999880677 0.00220701831825204 0.00238653991488008
13 0.90217391304347827 0.70812616841016662 0.00220701831825204 0.00238653991488008
13 0.89991171926726987 0.70566007716479062 0.00220701831825204 0.00238653991488008
13 0.89737364820128007 0.70329342508253445 0.00220701831825204 0.00238653991488008
13 0.89529537261825942 0.70098643649815040 0.00220701831825204 0.00238653991488008
13 0.88378209372471128 0.69311085477904621 0.00220701831825204 0.00238653991488008
13 0.89244464062385054 0.69923630722723840 0.00220701831825204 0.00238653991488008
13 0.88957551681012281 0.69680999164711033 0.00220701831825204 0.00238653991488008
13 0.88666960935775763 0.69456266656059817 0.00220701831825204 0.00238653991488008
13 0.66777017582579268 0.69321029394216616 0.00220701831825204 0.00238653991488008
13 0.67082321783270804 0.69325006960741420 0.00220701831825204 0.00238653991488008
13 0.67398661075553590 0.69328984527266213 0.00220701831825204 0.00238653991488008
13 0.67729713823291404 0.69319040610954219 0.00220701831825204 0.00238653991488008
13 0.67992716839549772 0.69323018177479023 0.00220701831825204 0.00238653991488008
13 0.68281468402854406 0.69321029394216616 0.00220701831825204 0.00238653991488008
13 0.68882880894578091 0.69237500497195814 0.00220701831825204 0.00238653991488008
13 0.68599646877069076 0.69321029394216616 0.00220701831825204 0.00238653991488008
13 0.68439638048995810 0.69537806769818222 0.00220701831825204 0.00238653991488008
13 0.68241006400353121 0.69754584145419829 0.00220701831825204 0.00238653991488008
13 0.68049731479437947 0.69925619505986236 0.00220701831825204 0.00238653991488008
13 0.67897079379092184 0.70104609999602241 0.00220701831825204 0.00238653991488008
13 0.67692930184653866 0.70291555626267854 0.00220701831825204 0.00238653991488008
13 0.67569704995218127 0.70478501252933456 0.00220701831825204 0.00238653991488008
13 0.67396821893621717 0.70641581480450255 0.00220701831825204 0.00238653991488008
13 0.67203707790774658 0.70880235471938269 0.00220701831825204 0.00238653991488008
13 0.67043698962701392 0.71067181098603871 0.00220701831825204 0.00238653991488008
13 0.66900242772015006 0.71272025774631076 0.00220701831825204 0.00238653991488008
13 0.66694254395644814 0.71472892884133488 0.00220701831825204 0.00238653991488008
13 0.66526888839844034 0.71683703909947893 0.00220701831825204 0.00238653991488008
13 0.66368719193702641 0.71906447635336701 0.00220701831825204 0.00238653991488008
13 0.66210549547561248 0.72176922159023105 0.00220701831825204 0.00238653991488008
13 0.66004561171191056 0.72395688317887119 0.00220701831825204 0.00238653991488008
13 0.65831678069594646 0.72604510560439128 0.00220701831825204 0.00238653991488008
13 0.65642242330611345 0.72872996300863135 0.00220701831825204 0.00238653991488008
13 0.65495107776061212 0.73115627858875942 0.00220701831825204 0.00238653991488008
13 0.65390274405944238 0.73380136032775145 0.00220701831825204 0.00238653991488008
13 0.65267049216508499 0.73610834891213550 0.00220701831825204 0.00238653991488008
13 0.65108879570367095 0.73895230897736763 0.00220701831825204 0.00238653991488008
13 0.64967262561612593 0.74121952189650375 0.00220701831825204 0.00238653991488008
13 0.64833002280585594 0.74376516447237584 0.00220701831825204 0.00238653991488008
13 0.64126756418744946 0.75655304084960817 0.00220701831825204 0.00238653991488008
13 0.63998013683513577 0.75919812258860031 0.00220701831825204 0.00238653991488008
13 0.63909732950783493 0.76130623284674437 0.00220701831825204 0.00238653991488008
13 0.63812256308394022 0.76381209975736841 0.00220701831825204 0.00238653991488008
13 0.63696387846685798 0.76647706932898452 0.00220701831825204 0.00238653991488008
13 0.63600750386228211 0.76948013205520860 0.00220701831825204 0.00238653991488008
13 0.81639446774074886 0.84712223061930714 0.00220701831825204 0.00238653991488008
13 0.81806812329875667 0.84378107473847497 0.00220701831825204 0.00238653991488008
13 0.82025674979769003 0.84042003102501894 0.00220701831825204 0.00238653991488008
13 0.82261090267049219 0.83735730480092274 0.00220701831825204 0.00238653991488008
13 0.82500183918193193 0.83443379340519475 0.00220701831825204 0.00238653991488008
13 0.82761347752519676 0.83166938467045859 0.00220701831825204 0.00238653991488008
13 0.83028029132641801 0.82902430293146656 0.00220701831825204 0.00238653991488008
13 0.83261605237990144 0.82693608050594647 0.00220701831825204 0.00238653991488008
13 0.83508055616861621 0.82482797024780241 0.00220701831825204 0.00238653991488008
13 0.83693812991981165 0.82268008432441031 0.00220701831825204 0.00238653991488008
13 0.83897962186419484 0.82059186189889022 0.00220701831825204 0.00238653991488008
13 0.84120503200176566 0.81882184479535425 0.00220701831825204 0.00238653991488008
13 0.84355918487456782 0.81683306153295410 0.00220701831825204 0.00238653991488008
13 0.84580298683145738 0.81504315659679405 0.00220701831825204 0.00238653991488008
13 0.84858015154859123 0.81247762618829800 0.00220701831825204 0.00238653991488008
13 0.85146766718163758 0.81032974026490590 0.00220701831825204 0.00238653991488008
13 0.85422644007945270 0.80810230301101782 0.00220701831825204 0.00238653991488008
13 0.85704038843522401 0.80589475358975382 0.00220701831825204 0.00238653991488008
13 0.85996468770690793 0.80380653116423373 0.00220701831825204 0.00238653991488008
13 0.89704259545354226 0.79221192474444135 0.00220701831825204 0.00238653991488008
13 0.89516662988302798 0.79545364146215347 0.00220701831825204 0.00238653991488008
13 0.89242624880453170 0.79772085438128948 0.00220701831825204 0.00238653991488008
13 0.88972265136467299 0.79974941330893756 0.00220701831825204 0.00238653991488008
13 0.88676156845435150 0.80141999124935359 0.00220701831825204 0.00238653991488008
13 0.88317516368719196 0.80223539238693764 0.00220701831825204 0.00238653991488008
13 0.87995659530640769 0.80239449504792970 0.00220701831825204 0.00238653991488008
13 0.87625983962333553 0.80247404637842568 0.00220701831825204 0.00238653991488008
13 0.86561097623776939 0.80032616045503358 0.00220701831825204 0.00238653991488008
13 0.86211653056720372 0.79972952547631360 0.00220701831825204 0.00238653991488008
13 0.85889796218641945 0.79851636768624956 0.00220701831825204 0.00238653991488008
13 0.85647024203634226 0.79640825742810550 0.00220701831825204 0.00238653991488008
13 0.85404252188626495 0.79376317568911336 0.00220701831825204 0.00238653991488008
13 0.85317810637828295 0.79056123463664929 0.00220701831825204 0.00238653991488008
13 0.87662767600971092 0.80706813571456981 0.00220701831825204 0.00238653991488008
13 0.87808062973589351 0.80985243228192993 0.00220701831825204 0.00238653991488008
13 0.88017729713823289 0.81313392466488998 0.00220701831825204 0.00238653991488008
13 0.88181416905760313 0.81593810906487407 0.00220701831825204 0.00238653991488008
13 0.88385566100198631 0.81939859194145026 0.00220701831825204 0.00238653991488008
13 0.88576841021113806 0.82303806531164236 0.00220701831825204 0.00238653991488008
13 0.88806738762598392 0.82659798735133849 0.00220701831825204 0.00238653991488008
13 0.89032958140219232 0.83019768505628255 0.00220701831825204 0.00238653991488008
13 0.89262855881703818 0.83377749492860265 0.00220701831825204 0.00238653991488008
13 0.89492753623188404 0.83729764130305084 0.00220701831825204 0.00238653991488008
13 0.89700581181490469 0.84091722684061887 0.00220701831825204 0.00238653991488008
13 0.89847715736040612 0.84421860705620300 0.00220701831825204 0.00238653991488008
13 0.90044508202751417 0.84765920210015511 0.00220701831825204 0.00238653991488008
13 0.90215552122415954 0.85100035798098728 0.00220701831825204 0.00238653991488008
13 0.90351651585374826 0.85436140169444330 0.00220701831825204 0.00238653991488008
13 0.90542926506290000 0.85812020206037942 0.00220701831825204 0.00238653991488008
13 0.90660634149930108 0.86124259178234752 0.00220701831825204 0.00238653991488008
13 0.90811447068343998 0.86480251382204365 0.00220701831825204 0.00238653991488008
13 0.90958581622894141 0.86883974384471585 0.00220701831825204 0.00238653991488008
13 0.91026631354373577 0.87186269440356390 0.00220701831825204 0.00238653991488008
13 0.91151695725741189 0.87530328944751601 0.00220701831825204 0.00238653991488008
13 0.91203192819833734 0.87896265065033208 0.00220701831825204 0.00238653991488008
13 0.91287795188700072 0.88313909550137226 0.00220701831825204 0.00238653991488008
13 0.91324578827337599 0.88741497951553239 0.00220701831825204 0.00238653991488008
13 0.91252850731994406 0.89117377988146851 0.00220701831825204 0.00238653991488008
13 0.88341425733833590 0.89181019052543653 0.00220701831825204 0.00238653991488008
13 0.88431545648495546 0.89487291674953262 0.00220701831825204 0.00238653991488008
13 0.88363495917016111 0.89906924943319677 0.00220701831825204 0.00238653991488008
13 0.88216361362465978 0.90159500417644489 0.00220701831825204 0.00238653991488008
13 0.86515118075480024 0.94294180820174223 0.00220701831825204 0.00238653991488008
13 0.86375340248657395 0.93924267133367800 0.00220701831825204 0.00238653991488008
13 0.86320164790701093 0.93546398313511792 0.00220701831825204 0.00238653991488008
13 0.86688001177076435 0.92375004971958152 0.00220701831825204 0.00238653991488008
13 0.86518796439343781 0.92074698699335744 0.00220701831825204 0.00238653991488008
13 0.86430515706613698 0.91768426076926135 0.00220701831825204 0.00238653991488008
13 0.35229529905098211 0.88469034644604427 0.00220701831825204 0.00238653991488008
13 0.35185389538733169 0.88115031223897222 0.00220701831825204 0.00238653991488008
13 0.35141249172368133 0.87747106320353208 0.00220701831825204 0.00238653991488008
13 0.35082395350548073 0.87426912215106800 0.00220701831825204 0.00238653991488008
13 0.34961009343044214 0.87025177996101988 0.00220701831825204 0.00238653991488008
13 0.34742146693150888 0.86714927807167574 0.00220701831825204 0.00238653991488008
13 0.34600529684396381 0.86396722485183564 0.00220701831825204 0.00238653991488008
13 0.34394541308026189 0.86128236744759556 0.00220701831825204 0.00238653991488008
13 0.34206944750974766 0.85901515452845945 0.00220701831825204 0.00238653991488008
13 0.33978886191422053 0.85581321347599537 0.00220701831825204 0.00238653991488008
13 0.33691973810049292 0.85386420587884337 0.00220701831825204 0.00238653991488008
13 0.33473111160155961 0.85171631995545127 0.00220701831825204 0.00238653991488008
13 0.33224821599352605 0.84934966787319521 0.00220701831825204 0.00238653991488008
13 0.33028029132641801 0.84692335229306714 0.00220701831825204 0.00238653991488008
13 0.32842271757522257 0.84487490553279498 0.00220701831825204 0.00238653991488008
13 0.32593982196718901 0.84197128196969095 0.00220701831825204 0.00238653991488008
13 0.32428455822849994 0.83910743407183486 0.00220701831825204 0.00238653991488008
13 0.32251894357389832 0.83654190366333880 0.00220701831825204 0.00238653991488008
13 0.32838593393658499 0.85143789029871519 0.00220701831825204 0.00238653991488008
13 0.32831236665930996 0.85471938268167535 0.00220701831825204 0.00238653991488008
13 0.32781578753770324 0.85664850244620339 0.00220701831825204 0.00238653991488008
13 0.32704333112631501 0.85933335985044346 0.00220701831825204 0.00238653991488008
13 0.32579268741263884 0.86140169444333958 0.00220701831825204 0.00238653991488008
13 0.32404546457735600 0.86356946819935565 0.00220701831825204 0.00238653991488008
13 0.27297138232913998 0.84087745117537094 0.00220701831825204 0.00238653991488008
13 0.27238284411093944 0.84473569070442700 0.00220701831825204 0.00238653991488008
13 0.27190465680865150 0.84861381806610714 0.00220701831825204 0.00238653991488008
13 0.27105863311998823 0.85271071158665124 0.00220701831825204 0.00238653991488008
13 0.27024939306996248 0.85617119446322743 0.00220701831825204 0.00238653991488008
13 0.26962407121312443 0.86056640547313157 0.00220701831825204 0.00238653991488008
13 0.26879643934377989 0.86406666401495569 0.00220701831825204 0.00238653991488008
13 0.26796880747443536 0.86794479137663583 0.00220701831825204 0.00238653991488008
13 0.26750901199146621 0.87106718109860393 0.00220701831825204 0.00238653991488008
13 0.26640550283234016 0.87524362594964400 0.00220701831825204 0.00238653991488008
13 0.26537556095048920 0.87838590350423607 0.00220701831825204 0.00238653991488008
13 0.26088795703671008 0.89403762777932461 0.00220701831825204 0.00238653991488008
13 0.26053851246965348 0.89741855932540471 0.00220701831825204 0.00238653991488008
13 0.26022585154123445 0.90060061254524482 0.00220701831825204 0.00238653991488008
13 0.26048333701169718 0.90398154409132492 0.00220701831825204 0.00238653991488008
13 0.26097991613330390 0.90718348514378899 0.00220701831825204 0.00238653991488008
13 0.26200985801515486 0.91054452885724513 0.00220701831825204 0.00238653991488008
