17 0.72619739496085600 0.40271906388447359 0.01777717001128166 0.00879299266123305
17 0.70729205839116616 0.40664209137948526 0.01777717001128166 0.00879299266123305
17 0.66630200676899931 0.40408874158747338 0.01777717001128166 0.00879299266123305
17 0.65177258897131718 0.39680070343941287 0.01777717001128166 0.00879299266123305
17 0.62558545007008304 0.35929520781899965 0.01777717001128166 0.00879299266123305
17 0.63502102492222490 0.37016808143663971 0.01777717001128166 0.00879299266123305
17 0.76845236060305633 0.37371909770367617 0.01777717001128166 0.00879299266123305
17 0.78048613722607774 0.36470628022591228 0.01777717001128166 0.00879299266123305
17 0.78633209121055692 0.32407250837025264 0.01777717001128166 0.00879299266123305
17 0.77494786503025537 0.31357164598058779 0.01777717001128166 0.00879299266123305
17 0.75782024546169358 0.30555649497784843 0.01777717001128166 0.00879299266123305
17 0.73693207069843769 0.30016233217220739 0.01777717001128166 0.00879299266123305
17 0.62425216231923697 0.32322702830667255 0.01777717001128166 0.00879299266123305
17 0.63392704522922294 0.31450167405052587 0.01777717001128166 0.00879299266123305
17 0.36617551536699600 0.28465622780614835 0.01777717001128166 0.00879299266123305
17 0.50955522888106386 0.22290236396225777 0.01777717001128166 0.00879299266123305
11 0.48258179207548457 0.58133518211640567 0.01982838193566032 0.00980756873752917
11 0.48336808997982977 0.55891305083026144 0.01982838193566032 0.00980756873752917
11 0.41256709172335987 0.54394805370489363 0.01982838193566032 0.00980756873752917
11 0.40408874910259479 0.56691129223172920 0.01982838193566032 0.00980756873752917
11 0.41020819801032443 0.58884304508099694 0.01982838193566032 0.00980756873752917
11 0.34456941643020750 0.58023605803375156 0.01982838193566032 0.00980756873752917
11 0.36169703599876929 0.55950488687476752 0.01982838193566032 0.00980756873752917
11 0.38019213018358344 0.53841861408907976 0.01982838193566032 0.00980756873752917
11 0.42063519195924925 0.49458892759308737 0.01982838193566032 0.00980756873752917
11 0.44131824553006732 0.47286008995907874 0.01982838193566032 0.00980756873752917
11 0.46275341013982429 0.45267002604078593 0.01982838193566032 0.00980756873752917
11 0.48401764042254963 0.43117792282457978 0.01982838193566032 0.00980756873752917
11 0.45198454753683637 0.39839020595894348 0.01982838193566032 0.00980756873752917
11 0.50305972445386482 0.40366600155568333 0.01982838193566032 0.00980756873752917
11 0.55273323988923451 0.39549866414149953 0.01982838193566032 0.00980756873752917
11 0.43830980137431197 0.27687781122121141 0.01982838193566032 0.00980756873752917
11 0.68944651464907181 0.29787953600054112 0.01982838193566032 0.00980756873752917
11 0.79528904994701033 0.34483749873177988 0.01982838193566032 0.00980756873752917
11 0.61611568835253494 0.34028881598971894 0.01982838193566032 0.00980756873752917
1 0.48001777717001126 0.57034394128986443 0.02119585655191275 0.01048395278839325
1 0.40754162250863218 0.55529439615813858 0.02119585655191275 0.01048395278839325
1 0.40569553177669138 0.57844364029896178 0.02119585655191275 0.01048395278839325
1 0.41670370243752353 0.59983428590753829 0.02119585655191275 0.01048395278839325
1 0.31940788349116267 0.61302377489938786 0.02119585655191275 0.01048395278839325
1 0.33667225052134969 0.59077073962595961 0.02119585655191275 0.01048395278839325
1 0.35291101158934735 0.56983665325171629 0.02119585655191275 0.01048395278839325
1 0.37113261085091109 0.54900402448510266 0.02119585655191275 0.01048395278839325
1 0.39198659874876074 0.52639588758497080 0.02119585655191275 0.01048395278839325
1 0.41065262726060647 0.50632419087557912 0.02119585655191275 0.01048395278839325
1 0.42996820621517212 0.48293821231695355 0.02119585655191275 0.01048395278839325
1 0.45119824963249122 0.46284960600629038 0.02119585655191275 0.01048395278839325
1 0.47177874260709035 0.44128986438499779 0.02119585655191275 0.01048395278839325
1 0.42822467607945025 0.28433494538198789 0.02119585655191275 0.01048395278839325
1 0.46210385969710438 0.26960668267442256 0.02119585655191275 0.01048395278839325
1 0.56599774366688316 0.38706077310697012 0.02119585655191275 0.01048395278839325
1 0.52934942395131790 0.40119719977002943 0.02119585655191275 0.01048395278839325
1 0.47598372705206660 0.40334471913152287 0.02119585655191275 0.01048395278839325
1 0.43136986769683089 0.39056106057019174 0.02119585655191275 0.01048395278839325
27 0.35595364261050905 0.29984104974804693 0.02290519982222830 0.01132943285197335
27 0.35725274349594888 0.30761946633298387 0.02290519982222830 0.01132943285197335
27 0.35964582407439061 0.31382528999966181 0.02290519982222830 0.01132943285197335
27 0.36501316194318145 0.32013257127396938 0.02290519982222830 0.01132943285197335
27 0.37246589860175722 0.32611857012411649 0.02290519982222830 0.01132943285197335
27 0.37967932720248881 0.33354188508234978 0.02290519982222830 0.01132943285197335
27 0.39215753307579226 0.34071155602150899 0.02290519982222830 0.01132943285197335
27 0.39465317425045299 0.32309175149649971 0.02290519982222830 0.01132943285197335
27 0.38525178626371748 0.31399438601237784 0.02290519982222830 0.01132943285197335
27 0.38203822091552425 0.30650343264905816 0.02290519982222830 0.01132943285197335
27 0.37906396362517519 0.29791335520308432 0.02290519982222830 0.01132943285197335
27 0.36627807596321493 0.26586966079339847 0.02290519982222830 0.01132943285197335
27 0.37000444429250284 0.25766850417667153 0.02290519982222830 0.01132943285197335
27 0.37820929199001746 0.25085393486421592 0.02290519982222830 0.01132943285197335
27 0.38535434685993641 0.24442828638100714 0.02290519982222830 0.01132943285197335
27 0.39554203275101707 0.23893266596773649 0.02290519982222830 0.01132943285197335
27 0.42942121636867114 0.22604754979877575 0.02290519982222830 0.01132943285197335
27 0.45830911763700388 0.21962190131556697 0.02290519982222830 0.01132943285197335
27 0.47099244470274521 0.21766038756806114 0.02290519982222830 0.01132943285197335
27 0.48654746846261665 0.21649362508032061 0.02290519982222830 0.01132943285197335
27 0.38723462445728352 0.27075653556089146 0.02290519982222830 0.01132943285197335
27 0.39232846740282384 0.26389123744462106 0.02290519982222830 0.01132943285197335
27 0.41003726368329285 0.25180087253542560 0.02290519982222830 0.01132943285197335
27 0.45858261256025434 0.23385978558625586 0.02290519982222830 0.01132943285197335
27 0.47277016170387337 0.23161080861713282 0.02290519982222830 0.01132943285197335
27 0.48760726129021231 0.22966620447089858 0.02290519982222830 0.01132943285197335
27 0.53444326689685828 0.23095133416754032 0.02290519982222830 0.01132943285197335
27 0.55174182079245149 0.23316649193412020 0.02290519982222830 0.01132943285197335
27 0.56582680933985163 0.23722479623930467 0.02290519982222830 0.01132943285197335
27 0.58192882294622406 0.24113091413304474 0.02290519982222830 0.01132943285197335
27 0.59433865508871486 0.24638980012851297 0.02290519982222830 0.01132943285197335
27 0.60592800246145428 0.25259562379519090 0.02290519982222830 0.01132943285197335
27 0.61734641550716218 0.26113497243734995 0.02290519982222830 0.01132943285197335
27 0.62353423814570441 0.26865974500321282 0.02290519982222830 0.01132943285197335
27 0.65214864449078669 0.27187256924481723 0.02290519982222830 0.01132943285197335
27 0.64558476633277495 0.26451689269167034 0.02290519982222830 0.01132943285197335
27 0.64312331202352058 0.25768541377794313 0.02290519982222830 0.01132943285197335
27 0.63532870671088171 0.25212215495958606 0.02290519982222830 0.01132943285197335
27 0.62620081364739666 0.24502012242551321 0.02290519982222830 0.01132943285197335
27 0.61690198625688009 0.23925394839189693 0.02290519982222830 0.01132943285197335
27 0.60541519948035960 0.23424870641550272 0.02290519982222830 0.01132943285197335
27 0.59310792793408773 0.22883763400859009 0.02290519982222830 0.01132943285197335
27 0.58240743906191239 0.22516825053265244 0.02290519982222830 0.01132943285197335
27 0.56852757170695023 0.22251344313301091 0.02290519982222830 0.01132943285197335
27 0.55731427985368021 0.21980790692955460 0.02290519982222830 0.01132943285197335
27 0.54234043280571609 0.21788021238459196 0.02222146251410208 0.01099124082654131
